# Blender v2.93.4 OBJ File: 'StalagnietenLOD.blend'
# www.blender.org
mtllib Stalagnite1.2.mtl
o Cube
v 0.303233 -0.667635 -1.009669
v 0.532467 -2.377309 -1.112693
v 0.303233 -0.667635 0.910489
v 0.532467 -2.377309 1.020316
v -1.616925 -0.667635 -1.009669
v -1.600541 -2.377309 -1.112693
v -1.616925 -0.667635 0.910489
v -1.600541 -2.377309 1.020316
v 0.476331 -1.547468 -1.200571
v -1.929546 -1.547468 1.205306
v 0.476331 -1.547468 1.205306
v -1.929546 -1.547468 -1.200571
v 0.588781 0.199708 -0.879203
v 0.588781 0.199708 0.763886
v -1.054308 0.199708 -0.879203
v -1.054308 0.199708 0.763886
v 1.324184 1.106561 -0.889955
v 1.324184 1.106561 0.703653
v -0.269423 1.106561 -0.889955
v -0.269423 1.106562 0.703652
v 2.233325 1.805893 -0.837943
v 2.233325 1.805893 0.755665
v 0.639717 1.805893 -0.837942
v 0.639717 1.805893 0.755665
v 2.597175 2.371264 -0.757510
v 2.597175 2.371264 0.805242
v 1.034423 2.371264 -0.757510
v 1.034423 2.371264 0.805242
v 2.255894 2.887160 -0.629873
v 2.255894 2.887160 0.780642
v 0.845379 2.887160 -0.629873
v 0.845378 2.887160 0.780642
v 1.524090 3.365353 -0.472376
v 1.524090 3.365353 0.776129
v 0.275585 3.365353 -0.472376
v 0.275585 3.365353 0.776129
v 0.589583 3.861133 -0.294154
v 0.589583 3.861133 0.861930
v -0.566500 3.861133 -0.294154
v -0.566500 3.861133 0.861930
v -0.274874 4.217385 -0.061261
v -0.274875 4.217385 0.793875
v -1.130011 4.217384 -0.061261
v -1.130011 4.217384 0.793875
v -1.754804 -2.420763 -0.685492
v -1.833212 -2.442590 -0.052573
v -1.754805 -2.420763 0.584615
v 0.113969 -2.420763 -1.284159
v -0.514578 -2.442590 -1.371207
v -1.156138 -2.420763 -1.284158
v 0.589349 -1.803734 -1.275089
v 0.662002 -2.049691 -1.305068
v 0.634337 -2.252437 -1.239225
v -1.878580 -1.308328 1.128193
v -1.808706 -1.086441 1.049655
v -1.721096 -0.875110 0.975239
v 0.589349 -1.803734 1.267392
v 0.662002 -2.049691 1.268620
v 0.634337 -2.252437 1.170252
v -1.953132 -1.803734 -1.275089
v -1.911686 -2.049691 -1.305068
v -1.775140 -2.252437 -1.239225
v -0.131803 -0.667635 1.180511
v -0.656846 -0.667635 1.270518
v -1.181889 -0.667635 1.180511
v 0.573255 -0.667635 -0.574633
v 0.663262 -0.667635 -0.049590
v 0.573255 -0.667635 0.475453
v -1.156138 -2.420763 1.183282
v -0.514578 -2.442590 1.266061
v 0.113969 -2.420763 1.183282
v -1.886947 -0.667635 0.475453
v -1.976955 -0.667635 -0.049590
v -1.886947 -0.667635 -0.574633
v -1.181889 -0.667635 -1.279691
v -0.656846 -0.667635 -1.369699
v -0.131803 -0.667635 -1.279691
v 0.712636 -2.420763 0.584615
v 0.804055 -2.442590 -0.052573
v 0.712635 -2.420763 -0.685492
v 0.301262 -0.875110 -1.047119
v 0.327994 -1.086441 -1.087044
v 0.385619 -1.308328 -1.136007
v -1.775140 -2.252437 1.170253
v -1.911686 -2.049690 1.268620
v -1.953132 -1.803734 1.267392
v 0.301262 -0.875110 0.975239
v 0.327994 -1.086441 1.049655
v 0.385619 -1.308328 1.128193
v -1.721096 -0.875110 -1.047119
v -1.808706 -1.086441 -1.087044
v -1.878581 -1.308328 -1.136007
v -1.384465 -1.547468 -1.538898
v -0.726607 -1.547468 -1.651673
v -0.068750 -1.547468 -1.538898
v 0.814658 -1.547468 -0.655490
v 0.927433 -1.547468 0.002367
v 0.814658 -1.547468 0.660224
v -2.267872 -1.547468 0.660224
v -2.380648 -1.547468 0.002367
v -2.267873 -1.547468 -0.655490
v -0.068750 -1.547468 1.543632
v -0.726607 -1.547468 1.656408
v -1.384464 -1.547468 1.543632
v 0.216518 0.199708 0.994945
v -0.232764 0.199708 1.071965
v -0.682046 0.199708 0.994945
v 0.819840 0.199708 -0.506941
v 0.896860 0.199708 -0.057659
v 0.819840 0.199708 0.391623
v -1.285367 0.199708 0.391624
v -1.362387 0.199708 -0.057659
v -1.285367 0.199708 -0.506941
v -0.682046 0.199708 -1.110263
v -0.232764 0.199708 -1.187282
v 0.216519 0.199708 -1.110262
v 0.332252 -0.458225 0.859463
v 0.388822 -0.244707 0.820271
v 0.473985 -0.025818 0.789538
v -1.215183 -0.025818 0.789538
v -1.363122 -0.244707 0.820271
v -1.497309 -0.458225 0.859463
v -1.215183 -0.025818 -0.899630
v -1.363123 -0.244707 -0.931673
v -1.497309 -0.458225 -0.970098
v 0.332252 -0.458225 -0.970098
v 0.388822 -0.244707 -0.931673
v 0.473985 -0.025818 -0.899630
v 0.963133 1.106561 0.927754
v 0.527381 1.106562 1.002454
v 0.091629 1.106562 0.927754
v 1.548285 1.106562 -0.528903
v 1.622986 1.106561 -0.093151
v 1.548285 1.106562 0.342601
v -0.493524 1.106562 0.342601
v -0.568225 1.106562 -0.093151
v -0.493524 1.106561 -0.528903
v 0.091629 1.106562 -1.114056
v 0.527381 1.106561 -1.188756
v 0.963133 1.106562 -1.114056
v -0.880870 0.431779 -0.873621
v -0.693471 0.664868 -0.878087
v -0.490269 0.892090 -0.885799
v 1.104111 0.892090 -0.885799
v 0.906322 0.664868 -0.878087
v 0.733612 0.431779 -0.873621
v 1.104111 0.892090 0.708582
v 0.906322 0.664868 0.721706
v 0.733612 0.431779 0.740862
v -0.880870 0.431779 0.740862
v -0.693471 0.664867 0.721706
v -0.490269 0.892090 0.708582
v 1.872273 1.805893 0.979766
v 1.436521 1.805893 1.054467
v 1.000769 1.805893 0.979766
v 2.457426 1.805893 -0.476891
v 2.532126 1.805893 -0.041139
v 2.457426 1.805893 0.394613
v 0.415616 1.805893 0.394613
v 0.340916 1.805893 -0.041139
v 0.415616 1.805893 -0.476891
v 1.000769 1.805893 -1.062044
v 1.436521 1.805893 -1.136744
v 1.872273 1.805893 -1.062044
v 1.561586 1.303065 -0.885362
v 1.802736 1.483046 -0.873261
v 2.031895 1.649618 -0.856504
v 2.031895 1.649618 0.737103
v 1.802736 1.483046 0.720346
v 1.561586 1.303065 0.708246
v -0.032021 1.303065 0.708246
v 0.209129 1.483046 0.720346
v 0.438287 1.649618 0.737103
v 0.438287 1.649618 -0.856504
v 0.209129 1.483046 -0.873261
v -0.032021 1.303065 -0.885362
v 2.243114 2.371264 1.025003
v 1.815799 2.371264 1.098258
v 1.388484 2.371264 1.025003
v 2.816937 2.371264 -0.403449
v 2.890191 2.371264 0.023866
v 2.816937 2.371264 0.451181
v 0.814661 2.371264 0.451181
v 0.741407 2.371264 0.023866
v 0.814661 2.371264 -0.403449
v 1.388484 2.371264 -0.977272
v 1.815799 2.371264 -1.050526
v 2.243114 2.371264 -0.977272
v 0.800508 1.954686 0.773404
v 0.919066 2.097626 0.788587
v 0.996626 2.236042 0.799703
v 0.996626 2.236042 -0.780887
v 0.919066 2.097626 -0.801163
v 0.800508 1.954687 -0.819721
v 2.393633 1.954687 0.773405
v 2.508816 2.097626 0.788587
v 2.577216 2.236042 0.799703
v 2.577217 2.236042 -0.780887
v 2.508817 2.097626 -0.801163
v 2.393633 1.954687 -0.819721
v 1.936324 2.887160 0.978995
v 1.550636 2.887160 1.045113
v 1.164948 2.887160 0.978995
v 2.454247 2.887159 -0.310303
v 2.520365 2.887160 0.075384
v 2.454247 2.887159 0.461072
v 0.647025 2.887160 0.461072
v 0.580907 2.887160 0.075384
v 0.647025 2.887160 -0.310303
v 1.164948 2.887159 -0.828227
v 1.550636 2.887160 -0.894345
v 1.936324 2.887159 -0.828227
v 1.034203 2.504316 -0.730033
v 0.999755 2.634992 -0.698991
v 0.935380 2.762777 -0.665298
v 2.390516 2.762777 -0.665298
v 2.497194 2.634992 -0.698991
v 2.568541 2.504316 -0.730034
v 2.390516 2.762777 0.789837
v 2.497194 2.634992 0.798448
v 2.568541 2.504316 0.804305
v 1.034203 2.504316 0.804305
v 0.999755 2.634992 0.798447
v 0.935380 2.762777 0.789837
v 1.241225 3.365353 0.951700
v 0.899837 3.365353 1.010224
v 0.558449 3.365353 0.951700
v 1.699661 3.365353 -0.189511
v 1.758185 3.365353 0.151877
v 1.699661 3.365353 0.493265
v 0.100014 3.365353 0.493265
v 0.041490 3.365353 0.151877
v 0.100014 3.365353 -0.189511
v 0.558449 3.365353 -0.647947
v 0.899837 3.365353 -0.706471
v 1.241225 3.365353 -0.647947
v 0.733433 3.008016 0.772947
v 0.600757 3.126783 0.768511
v 0.447942 3.245286 0.769013
v 0.447942 3.245286 -0.515279
v 0.600757 3.126782 -0.555391
v 0.733433 3.008016 -0.593369
v 2.099750 3.008016 0.772947
v 1.924659 3.126782 0.768512
v 1.732235 3.245286 0.769013
v 1.732235 3.245286 -0.515279
v 1.924659 3.126782 -0.555391
v 2.099750 3.008016 -0.593369
v 0.327658 3.861133 1.024504
v 0.011541 3.861133 1.078695
v -0.304575 3.861133 1.024504
v 0.752158 3.861133 -0.032229
v 0.806349 3.861133 0.283888
v 0.752157 3.861133 0.600004
v -0.729075 3.861133 0.600004
v -0.783266 3.861133 0.283888
v -0.729075 3.861133 -0.032229
v -0.304575 3.861133 -0.456728
v 0.011541 3.861133 -0.510920
v 0.327658 3.861133 -0.456728
v 0.084761 3.488238 -0.426561
v -0.121522 3.612902 -0.379870
v -0.339772 3.737737 -0.334876
v 0.831173 3.737737 -0.334876
v 1.069968 3.612902 -0.379870
v 1.302197 3.488238 -0.426561
v 0.831173 3.737737 0.836069
v 1.069968 3.612902 0.811619
v 1.302197 3.488238 0.790875
v 0.084761 3.488237 0.790875
v -0.121522 3.612903 0.811619
v -0.339772 3.737738 0.836069
v -0.483742 4.234310 0.859749
v -0.754986 4.242813 0.892839
v -0.991094 4.234310 0.859749
v -0.247482 4.234311 0.116138
v -0.233723 4.242813 0.371575
v -0.247482 4.234311 0.623490
v -1.227353 4.234311 0.623490
v -1.276250 4.242813 0.371575
v -1.227353 4.234310 0.116138
v -0.991094 4.234311 -0.120122
v -0.754986 4.242813 -0.149688
v -0.483742 4.234310 -0.120122
v -0.791745 3.980039 0.883896
v -0.979663 4.085644 0.884609
v -1.094328 4.168228 0.849101
v -1.094327 4.168229 -0.137122
v -0.979663 4.085644 -0.208732
v -0.791745 3.980039 -0.256891
v 0.349042 3.980039 0.883896
v 0.113679 4.085644 0.884609
v -0.108105 4.168228 0.849101
v -0.108105 4.168228 -0.137122
v 0.113679 4.085644 -0.208732
v 0.349042 3.980039 -0.256891
v -1.082799 -0.458225 1.116745
v -0.582528 -0.458225 1.202505
v -0.082258 -0.458225 1.116745
v -0.966198 -0.244707 1.066638
v -0.487150 -0.244707 1.148761
v -0.008103 -0.244707 1.066639
v -0.832481 -0.025818 1.027077
v -0.370599 -0.025818 1.106257
v 0.091282 -0.025818 1.027077
v -0.127364 -1.308328 1.446596
v -0.156102 -1.086441 1.350129
v -0.156928 -0.875110 1.259633
v -0.746481 -1.308328 1.552730
v -0.740356 -1.086441 1.450286
v -0.709917 -0.875110 1.354431
v -1.365598 -1.308328 1.446596
v -1.324610 -1.086441 1.350129
v -1.262905 -0.875110 1.259633
v -2.196984 -1.308328 0.615210
v -2.109179 -1.086441 0.565559
v -2.005490 -0.875110 0.517049
v -2.303118 -1.308328 -0.003907
v -2.209337 -1.086441 -0.018694
v -2.100288 -0.875110 -0.035940
v -2.196984 -1.308328 -0.623024
v -2.109179 -1.086441 -0.602948
v -2.005490 -0.875110 -0.588928
v -1.182668 -2.513743 -0.748830
v -0.483986 -2.545225 -0.793578
v 0.195928 -2.513743 -0.748830
v -1.214954 -2.545225 -0.062610
v -0.473743 -2.579589 -0.065971
v 0.246982 -2.545225 -0.062610
v -1.182669 -2.513743 0.629767
v -0.483986 -2.545225 0.668358
v 0.195928 -2.513743 0.629767
v 0.704022 -1.308328 -0.623024
v 0.628467 -1.086441 -0.602948
v 0.585656 -0.875110 -0.588928
v 0.810157 -1.308328 -0.003907
v 0.728625 -1.086441 -0.018694
v 0.680454 -0.875110 -0.035940
v 0.704022 -1.308328 0.615210
v 0.628467 -1.086441 0.565559
v 0.585656 -0.875110 0.517049
v -1.365598 -1.308328 -1.454410
v -1.324610 -1.086441 -1.387517
v -1.262905 -0.875110 -1.331513
v -0.746481 -1.308328 -1.560544
v -0.740356 -1.086441 -1.487675
v -0.709917 -0.875110 -1.426311
v -0.127364 -1.308328 -1.454410
v -0.156102 -1.086441 -1.387517
v -0.156928 -0.875110 -1.331513
v -1.230401 -2.264462 -1.575305
v -1.326761 -2.052909 -1.670573
v -1.376873 -1.804136 -1.633073
v -0.563681 -2.274983 -1.691879
v -0.622923 -2.056127 -1.793643
v -0.681652 -1.804539 -1.752555
v 0.096767 -2.264462 -1.575305
v 0.078996 -2.052909 -1.670573
v 0.013330 -1.804136 -1.633073
v 0.972826 -2.264462 -0.699246
v 1.028152 -2.052909 -0.721417
v 0.947414 -1.804136 -0.698989
v 1.091506 -2.274983 -0.036691
v 1.151866 -2.056127 -0.018853
v 1.066977 -1.804539 -0.003927
v 0.972826 -2.264462 0.627922
v 1.028152 -2.052909 0.684340
v 0.947414 -1.804136 0.691214
v -2.106460 -2.264462 0.627922
v -2.275917 -2.052909 0.684340
v -2.310957 -1.804136 0.691214
v -2.218869 -2.274983 -0.036691
v -2.397712 -2.056127 -0.018853
v -2.430280 -1.804539 -0.003927
v -2.106460 -2.264462 -0.699246
v -2.275917 -2.052909 -0.721417
v -2.310956 -1.804136 -0.698989
v 0.096767 -2.264462 1.503981
v 0.078996 -2.052909 1.633496
v 0.013330 -1.804136 1.625298
v -0.563681 -2.274983 1.618497
v -0.622923 -2.056127 1.755936
v -0.681652 -1.804538 1.744701
v -1.230401 -2.264462 1.503981
v -1.326761 -2.052909 1.633496
v -1.376873 -1.804136 1.625298
v 0.367831 0.431779 -1.100657
v -0.073629 0.431779 -1.176336
v -0.515089 0.431779 -1.100657
v 0.543868 0.664867 -1.103058
v 0.106425 0.664867 -1.178048
v -0.331018 0.664867 -1.103058
v 0.742884 0.892090 -1.110009
v 0.306921 0.892090 -1.184745
v -0.129042 0.892090 -1.110009
v -1.754591 -0.458225 -0.555588
v -1.840351 -0.458225 -0.055318
v -1.754591 -0.458225 0.444953
v -1.609490 -0.244707 -0.534748
v -1.691612 -0.244707 -0.055701
v -1.609490 -0.244707 0.423346
v -1.452723 -0.025818 -0.516928
v -1.531902 -0.025818 -0.055046
v -1.452723 -0.025818 0.406836
v 0.589534 -0.458225 0.444953
v 0.675295 -0.458225 -0.055318
v 0.589534 -0.458225 -0.555588
v 0.635189 -0.244707 0.423346
v 0.717312 -0.244707 -0.055701
v 0.635189 -0.244707 -0.534748
v 0.711524 -0.025818 0.406836
v 0.790704 -0.025818 -0.055046
v 0.711524 -0.025818 -0.516928
v -0.082258 -0.458225 -1.227380
v -0.582528 -0.458225 -1.313141
v -1.082799 -0.458225 -1.227380
v -0.008103 -0.244707 -1.178040
v -0.487150 -0.244707 -1.260163
v -0.966197 -0.244707 -1.178040
v 0.091282 -0.025818 -1.137169
v -0.370599 -0.025818 -1.216349
v -0.832481 -0.025818 -1.137169
v 1.785688 1.303065 0.347194
v 1.860388 1.303065 -0.088558
v 1.785688 1.303065 -0.524310
v 2.026837 1.483046 0.359295
v 2.101537 1.483046 -0.076457
v 2.026837 1.483046 -0.512209
v 2.255996 1.649618 0.376051
v 2.330697 1.649618 -0.059701
v 2.255996 1.649618 -0.495453
v 0.960649 0.431779 0.375081
v 1.036328 0.431779 -0.066379
v 0.960649 0.431779 -0.507839
v 1.131293 0.664867 0.359253
v 1.206283 0.664867 -0.078190
v 1.131292 0.664867 -0.515634
v 1.328321 0.892090 0.347355
v 1.403058 0.892090 -0.088609
v 1.328321 0.892090 -0.524572
v -1.107907 0.431779 -0.507840
v -1.183586 0.431779 -0.066379
v -1.107907 0.431779 0.375081
v -0.918442 0.664867 -0.515634
v -0.993432 0.664867 -0.078190
v -0.918442 0.664867 0.359253
v -0.714479 0.892090 -0.524572
v -0.789216 0.892090 -0.088609
v -0.714479 0.892090 0.347355
v -0.515089 0.431779 0.967898
v -0.073629 0.431779 1.043577
v 0.367831 0.431779 0.967898
v -0.331018 0.664867 0.946677
v 0.106425 0.664867 1.021667
v 0.543869 0.664867 0.946677
v -0.129042 0.892090 0.932792
v 0.306921 0.892090 1.007528
v 0.742885 0.892090 0.932792
v 0.576475 1.954687 -0.458778
v 0.501797 1.954686 -0.023158
v 0.576475 1.954687 0.412462
v 0.695507 2.097626 -0.440985
v 0.620988 2.097626 -0.006288
v 0.695508 2.097626 0.428410
v 0.774356 2.236042 -0.422784
v 0.700266 2.236042 0.009408
v 0.774356 2.236042 0.441601
v -0.256122 1.303065 -0.524310
v -0.330822 1.303065 -0.088558
v -0.256122 1.303065 0.347194
v -0.014972 1.483046 -0.512209
v -0.089673 1.483046 -0.076457
v -0.014972 1.483046 0.359295
v 0.214186 1.649618 -0.495453
v 0.139486 1.649618 -0.059701
v 0.214186 1.649618 0.376051
v 0.329031 1.303065 0.932347
v 0.764783 1.303065 1.007047
v 1.200535 1.303065 0.932347
v 0.570180 1.483046 0.944447
v 1.005932 1.483046 1.019148
v 1.441685 1.483046 0.944447
v 0.799339 1.649618 0.961204
v 1.235091 1.649618 1.035905
v 1.670843 1.649618 0.961204
v 1.200535 1.303065 -1.109463
v 0.764783 1.303065 -1.184163
v 0.329031 1.303065 -1.109463
v 1.441684 1.483046 -1.097362
v 1.005932 1.483046 -1.172063
v 0.570180 1.483046 -1.097362
v 1.670843 1.649618 -1.080606
v 1.235091 1.649618 -1.155306
v 0.799339 1.649618 -1.080606
v 2.220917 2.504316 -0.945800
v 1.801372 2.504316 -1.017722
v 1.381827 2.504316 -0.945800
v 2.157930 2.634991 -0.909568
v 1.748474 2.634992 -0.979760
v 1.339019 2.634991 -0.909568
v 2.060837 2.762777 -0.869927
v 1.662948 2.762777 -0.938136
v 1.265059 2.762777 -0.869927
v 1.161451 1.954687 0.997438
v 1.597071 1.954687 1.072116
v 2.032691 1.954687 0.997438
v 1.279244 2.097626 1.012146
v 1.713942 2.097626 1.086666
v 2.148639 2.097626 1.012146
v 1.354729 2.236042 1.021974
v 1.786922 2.236042 1.096064
v 2.219114 2.236042 1.021974
v 2.032691 1.954687 -1.043754
v 1.597071 1.954687 -1.118432
v 1.161451 1.954686 -1.043754
v 2.148639 2.097626 -1.024722
v 1.713941 2.097626 -1.099241
v 1.279244 2.097626 -1.024722
v 2.219114 2.236042 -1.003157
v 1.786922 2.236042 -1.077247
v 1.354729 2.236042 -1.003157
v 2.617667 1.954687 0.412462
v 2.692345 1.954687 -0.023158
v 2.617667 1.954686 -0.458778
v 2.732376 2.097626 0.428410
v 2.806895 2.097626 -0.006288
v 2.732376 2.097626 -0.440985
v 2.799487 2.236042 0.441601
v 2.873578 2.236042 0.009408
v 2.799487 2.236042 -0.422784
v 0.541295 3.008016 -0.283813
v 0.477249 3.008016 0.089789
v 0.541295 3.008016 0.463391
v 0.414583 3.126783 -0.255444
v 0.352525 3.126783 0.106560
v 0.414583 3.126782 0.468565
v 0.267339 3.245286 -0.224307
v 0.207138 3.245286 0.126867
v 0.267339 3.245286 0.478041
v 2.784307 2.504316 0.456681
v 2.856230 2.504316 0.037136
v 2.784308 2.504316 -0.382410
v 2.707771 2.634991 0.459184
v 2.777963 2.634992 0.049728
v 2.707771 2.634991 -0.359727
v 2.595144 2.762777 0.460158
v 2.663354 2.762777 0.062269
v 2.595144 2.762777 -0.335619
v 0.818437 2.504316 -0.382410
v 0.746515 2.504316 0.037136
v 0.818437 2.504316 0.456681
v 0.789178 2.634992 -0.359727
v 0.718985 2.634991 0.049728
v 0.789178 2.634992 0.459184
v 0.730752 2.762777 -0.335619
v 0.662542 2.762777 0.062269
v 0.730752 2.762777 0.460158
v 1.381827 2.504316 1.020071
v 1.801373 2.504316 1.091993
v 2.220917 2.504316 1.020071
v 1.339018 2.634992 1.009025
v 1.748474 2.634991 1.079217
v 2.157930 2.634992 1.009025
v 1.265059 2.762777 0.994466
v 1.662948 2.762777 1.062675
v 2.060837 2.762777 0.994466
v 1.026372 3.488238 -0.597763
v 0.693479 3.488237 -0.654830
v 0.360586 3.488238 -0.597763
v 0.800021 3.612902 -0.547423
v 0.474223 3.612902 -0.603274
v 0.148425 3.612902 -0.547423
v 0.565881 3.737737 -0.499541
v 0.245700 3.737738 -0.554429
v -0.074480 3.737737 -0.499540
v 1.042989 3.008016 0.965085
v 1.416592 3.008016 1.029131
v 1.790194 3.008016 0.965085
v 0.900703 3.126782 0.954685
v 1.262708 3.126782 1.016743
v 1.624712 3.126783 0.954685
v 0.738915 3.245286 0.949617
v 1.090088 3.245286 1.009818
v 1.441262 3.245286 0.949617
v 1.790194 3.008016 -0.785508
v 1.416592 3.008016 -0.849554
v 1.042989 3.008016 -0.785508
v 1.624712 3.126782 -0.741565
v 1.262708 3.126783 -0.803623
v 0.900703 3.126782 -0.741565
v 1.441262 3.245286 -0.695883
v 1.090088 3.245286 -0.756084
v 0.738915 3.245286 -0.695883
v 2.291888 3.008016 0.463391
v 2.355934 3.008016 0.089789
v 2.291888 3.008016 -0.283813
v 2.110833 3.126782 0.468565
v 2.172891 3.126783 0.106560
v 2.110833 3.126782 -0.255444
v 1.912838 3.245286 0.478041
v 1.973040 3.245286 0.126867
v 1.912838 3.245286 -0.224307
v -0.952536 3.980195 0.001613
v -1.006362 3.980352 0.313568
v -0.952536 3.980196 0.625457
v -1.136355 4.086898 0.039330
v -1.190422 4.088151 0.338458
v -1.136355 4.086898 0.637066
v -1.238306 4.172913 0.084854
v -1.292227 4.177011 0.357809
v -1.238305 4.172913 0.629065
v 1.473399 3.488238 0.515050
v 1.530466 3.488237 0.182157
v 1.473399 3.488238 -0.150736
v 1.237521 3.612902 0.541672
v 1.293372 3.612902 0.215875
v 1.237521 3.612902 -0.109923
v 0.995837 3.737737 0.570776
v 1.050725 3.737738 0.250596
v 0.995837 3.737737 -0.069584
v -0.086441 3.488238 -0.150736
v -0.143508 3.488238 0.182157
v -0.086441 3.488237 0.515050
v -0.289075 3.612902 -0.109923
v -0.344926 3.612903 0.215875
v -0.289075 3.612903 0.541673
v -0.504436 3.737737 -0.069584
v -0.559325 3.737738 0.250596
v -0.504436 3.737738 0.570776
v 0.360586 3.488238 0.962077
v 0.693479 3.488238 1.019144
v 1.026371 3.488238 0.962077
v 0.148425 3.612903 0.979172
v 0.474223 3.612902 1.035024
v 0.800021 3.612902 0.979173
v -0.074480 3.737737 1.000733
v 0.245700 3.737738 1.055621
v 0.565881 3.737737 1.000733
v -0.541898 4.270528 0.106960
v -0.837595 4.282791 0.094977
v -1.082613 4.270528 0.106960
v -0.552714 4.282791 0.379857
v -0.865254 4.296176 0.382630
v -1.122475 4.282791 0.379857
v -0.541898 4.270528 0.647674
v -0.837595 4.282791 0.664738
v -1.082613 4.270528 0.647674
v -0.533598 3.980196 1.044395
v -0.221999 3.980352 1.097931
v 0.090247 3.980196 1.044395
v -0.734450 4.086898 1.038971
v -0.438172 4.088151 1.090708
v -0.136714 4.086898 1.038971
v -0.883000 4.172913 0.984371
v -0.619363 4.177011 1.030674
v -0.338789 4.172913 0.984371
v 0.090247 3.980195 -0.417325
v -0.221999 3.980352 -0.470795
v -0.533598 3.980196 -0.417325
v -0.136714 4.086898 -0.362575
v -0.438172 4.088151 -0.413792
v -0.734450 4.086898 -0.362575
v -0.338789 4.172913 -0.270451
v -0.619363 4.177011 -0.315056
v -0.883000 4.172913 -0.270451
v 0.509185 3.980195 0.625457
v 0.562364 3.980352 0.313568
v 0.509185 3.980196 0.001613
v 0.265191 4.086898 0.637066
v 0.314078 4.088151 0.338458
v 0.265191 4.086898 0.039330
v 0.016516 4.172913 0.629065
v 0.053502 4.177011 0.357809
v 0.016516 4.172913 0.084854
vt 0.620390 0.937500
vt 0.617561 0.875000
vt 0.622859 0.875000
vt 0.623769 0.937500
vt 0.616484 0.812500
vt 0.622485 0.812500
vt 0.624732 0.875000
vt 0.624846 0.937500
vt 0.624686 0.812500
vt 0.625000 1.000000
vt 0.610656 0.937500
vt 0.625000 1.000000
vt 0.606161 0.875000
vt 0.604662 0.812500
vt 0.604448 0.750000
vt 0.616330 0.750000
vt 0.622431 0.750000
vt 0.624679 0.750000
vt 0.625000 0.750000
vt 0.625000 0.812500
vt 0.625000 0.875000
vt 0.625000 0.937500
vt 0.625000 1.000000
vt 0.625000 1.000000
vt 0.625000 1.000000
vt 0.531968 0.812500
vt 0.560760 0.812500
vt 0.561145 0.875000
vt 0.532045 0.875000
vt 0.585647 0.812500
vt 0.586725 0.875000
vt 0.562079 0.937500
vt 0.532236 0.937500
vt 0.589558 0.937500
vt 0.501125 0.750000
vt 0.531958 0.750000
vt 0.501131 0.812500
vt 0.560705 0.750000
vt 0.585493 0.750000
vt 0.594172 1.000000
vt 0.563344 1.000000
vt 0.532516 1.000000
vt 0.501295 0.937500
vt 0.501688 1.000000
vt 0.501172 0.875000
vt 0.532236 0.062500
vt 0.562079 0.062500
vt 0.561145 0.125000
vt 0.532045 0.125000
vt 0.589558 0.062500
vt 0.586725 0.125000
vt 0.560760 0.187500
vt 0.531968 0.187500
vt 0.585647 0.187500
vt 0.501688 0.000000
vt 0.532516 0.000000
vt 0.501295 0.062500
vt 0.563344 0.000000
vt 0.594172 0.000000
vt 0.625000 0.000000
vt 0.610656 0.062500
vt 0.606161 0.125000
vt 0.604662 0.187500
vt 0.604448 0.250000
vt 0.585493 0.250000
vt 0.560705 0.250000
vt 0.531958 0.250000
vt 0.501131 0.187500
vt 0.501125 0.250000
vt 0.501172 0.125000
vt 0.187353 0.562500
vt 0.248823 0.562500
vt 0.248287 0.625000
vt 0.187286 0.625000
vt 0.308044 0.562500
vt 0.306292 0.625000
vt 0.248823 0.687500
vt 0.187353 0.687500
vt 0.308044 0.687500
vt 0.125000 0.500000
vt 0.187500 0.500000
vt 0.125000 0.562500
vt 0.250000 0.500000
vt 0.312500 0.500000
vt 0.375000 0.500000
vt 0.360844 0.562500
vt 0.357873 0.625000
vt 0.360844 0.687500
vt 0.375000 0.750000
vt 0.312500 0.750000
vt 0.250000 0.750000
vt 0.187500 0.750000
vt 0.125000 0.687500
vt 0.125000 0.750000
vt 0.125000 0.625000
vt 0.531957 0.562500
vt 0.560705 0.562500
vt 0.560705 0.625000
vt 0.531958 0.625000
vt 0.585493 0.562500
vt 0.585493 0.625000
vt 0.560705 0.687500
vt 0.531958 0.687500
vt 0.585493 0.687500
vt 0.501125 0.500000
vt 0.531958 0.500000
vt 0.501125 0.562500
vt 0.560705 0.500000
vt 0.585493 0.500000
vt 0.604448 0.500000
vt 0.604448 0.562500
vt 0.604448 0.625000
vt 0.604448 0.687500
vt 0.501125 0.687500
vt 0.501125 0.625000
vt 0.531957 0.312500
vt 0.560705 0.312500
vt 0.560705 0.375000
vt 0.531958 0.375000
vt 0.585493 0.312500
vt 0.585493 0.375000
vt 0.560705 0.437500
vt 0.531958 0.437500
vt 0.585493 0.437500
vt 0.501125 0.312500
vt 0.604448 0.312500
vt 0.604448 0.375000
vt 0.604448 0.437500
vt 0.501125 0.437500
vt 0.501125 0.375000
vt 0.406663 0.312500
vt 0.438274 0.312500
vt 0.438274 0.375000
vt 0.406663 0.375000
vt 0.469779 0.312500
vt 0.469779 0.375000
vt 0.438220 0.437500
vt 0.406549 0.437500
vt 0.469772 0.437500
vt 0.375000 0.250000
vt 0.406663 0.250000
vt 0.375000 0.312500
vt 0.438274 0.250000
vt 0.469779 0.250000
vt 0.469725 0.500000
vt 0.437845 0.500000
vt 0.405379 0.500000
vt 0.375000 0.437500
vt 0.375000 0.375000
vt 0.402094 0.562500
vt 0.437043 0.562500
vt 0.436561 0.625000
vt 0.400455 0.625000
vt 0.469625 0.562500
vt 0.469565 0.625000
vt 0.437043 0.687500
vt 0.402094 0.687500
vt 0.469625 0.687500
vt 0.469725 0.750000
vt 0.437845 0.750000
vt 0.405379 0.750000
vt 0.406668 0.062500
vt 0.438310 0.062500
vt 0.438285 0.125000
vt 0.406665 0.125000
vt 0.469890 0.062500
vt 0.469812 0.125000
vt 0.438275 0.187500
vt 0.406663 0.187500
vt 0.469783 0.187500
vt 0.375000 0.000000
vt 0.406672 0.000000
vt 0.375000 0.062500
vt 0.438344 0.000000
vt 0.470016 0.000000
vt 0.375000 0.187500
vt 0.375000 0.125000
vt 0.406550 0.812500
vt 0.438222 0.812500
vt 0.438285 0.875000
vt 0.406665 0.875000
vt 0.469776 0.812500
vt 0.469812 0.875000
vt 0.438310 0.937500
vt 0.406668 0.937500
vt 0.469890 0.937500
vt 0.375000 0.812500
vt 0.470016 1.000000
vt 0.438344 1.000000
vt 0.406672 1.000000
vt 0.375000 0.937500
vt 0.375000 1.000000
vt 0.375000 0.875000
vt 0.625000 0.437500
vt 0.625000 0.375000
vt 0.625000 0.375000
vt 0.625000 0.437500
vt 0.625000 0.312500
vt 0.625000 0.312500
vt 0.625000 0.375000
vt 0.625000 0.437500
vt 0.625000 0.312500
vt 0.625000 0.500000
vt 0.625000 0.437500
vt 0.625000 0.500000
vt 0.625000 0.375000
vt 0.625000 0.312500
vt 0.625000 0.250000
vt 0.625000 0.250000
vt 0.625000 0.250000
vt 0.625000 0.250000
vt 0.625000 0.250000
vt 0.625000 0.312500
vt 0.625000 0.375000
vt 0.625000 0.437500
vt 0.625000 0.500000
vt 0.625000 0.500000
vt 0.625000 0.500000
vt 0.616484 0.187500
vt 0.617561 0.125000
vt 0.622859 0.125000
vt 0.622485 0.187500
vt 0.620391 0.062500
vt 0.623769 0.062500
vt 0.624732 0.125000
vt 0.624686 0.187500
vt 0.624846 0.062500
vt 0.616330 0.250000
vt 0.625000 0.000000
vt 0.625000 0.000000
vt 0.625000 0.000000
vt 0.625000 0.000000
vt 0.625000 0.062500
vt 0.625000 0.125000
vt 0.625000 0.187500
vt 0.624679 0.250000
vt 0.622431 0.250000
vt 0.616330 0.687500
vt 0.616330 0.625000
vt 0.622431 0.625000
vt 0.622431 0.687500
vt 0.616330 0.562500
vt 0.622431 0.562500
vt 0.624679 0.625000
vt 0.624679 0.687500
vt 0.624679 0.562500
vt 0.616330 0.500000
vt 0.622431 0.500000
vt 0.624679 0.500000
vt 0.625000 0.562500
vt 0.625000 0.625000
vt 0.625000 0.687500
vt 0.616330 0.437500
vt 0.616330 0.375000
vt 0.622431 0.375000
vt 0.622431 0.437500
vt 0.616330 0.312500
vt 0.622431 0.312500
vt 0.624679 0.375000
vt 0.624679 0.437500
vt 0.624679 0.312500
vt 0.625000 0.687500
vt 0.625000 0.625000
vt 0.625000 0.625000
vt 0.625000 0.687500
vt 0.625000 0.562500
vt 0.625000 0.562500
vt 0.625000 0.625000
vt 0.625000 0.687500
vt 0.625000 0.562500
vt 0.625000 0.750000
vt 0.625000 0.687500
vt 0.625000 0.750000
vt 0.625000 0.625000
vt 0.625000 0.562500
vt 0.625000 0.500000
vt 0.625000 0.500000
vt 0.625000 0.500000
vt 0.625000 0.500000
vt 0.625000 0.562500
vt 0.625000 0.625000
vt 0.625000 0.687500
vt 0.625000 0.750000
vt 0.625000 0.750000
vt 0.625000 0.750000
vt 0.625000 0.687500
vt 0.625000 0.625000
vt 0.625000 0.625000
vt 0.625000 0.687500
vt 0.625000 0.562500
vt 0.625000 0.562500
vt 0.625000 0.625000
vt 0.625000 0.687500
vt 0.625000 0.562500
vt 0.625000 0.750000
vt 0.625000 0.750000
vt 0.625000 0.750000
vt 0.625000 0.187500
vt 0.625000 0.125000
vt 0.625000 0.125000
vt 0.625000 0.187500
vt 0.625000 0.062500
vt 0.625000 0.062500
vt 0.625000 0.125000
vt 0.625000 0.187500
vt 0.625000 0.062500
vt 0.625000 0.000000
vt 0.625000 0.000000
vt 0.625000 0.000000
vt 0.625000 0.000000
vt 0.625000 0.062500
vt 0.625000 0.125000
vt 0.625000 0.187500
vt 0.625000 0.937500
vt 0.625000 0.875000
vt 0.625000 0.875000
vt 0.625000 0.937500
vt 0.625000 0.812500
vt 0.625000 0.812500
vt 0.625000 0.875000
vt 0.625000 0.937500
vt 0.625000 0.812500
vt 0.625000 1.000000
vt 0.625000 0.812500
vt 0.625000 0.875000
vt 0.625000 0.937500
vt 0.625000 1.000000
vt 0.625000 1.000000
vt 0.625000 1.000000
vt 0.625000 0.187500
vt 0.625000 0.125000
vt 0.625000 0.125000
vt 0.625000 0.187500
vt 0.625000 0.062500
vt 0.625000 0.062500
vt 0.625000 0.125000
vt 0.625000 0.187500
vt 0.625000 0.062500
vt 0.625000 0.250000
vt 0.625000 0.187500
vt 0.625000 0.250000
vt 0.625000 0.125000
vt 0.625000 0.062500
vt 0.625000 0.000000
vt 0.625000 0.000000
vt 0.625000 0.000000
vt 0.625000 0.000000
vt 0.625000 0.000000
vt 0.625000 0.062500
vt 0.625000 0.125000
vt 0.625000 0.187500
vt 0.625000 0.250000
vt 0.625000 0.250000
vt 0.625000 0.250000
vt 0.625000 0.187500
vt 0.625000 0.125000
vt 0.625000 0.125000
vt 0.625000 0.187500
vt 0.625000 0.062500
vt 0.625000 0.062500
vt 0.625000 0.125000
vt 0.625000 0.187500
vt 0.625000 0.062500
vt 0.625000 0.250000
vt 0.625000 0.000000
vt 0.625000 0.000000
vt 0.625000 0.000000
vt 0.625000 0.250000
vt 0.625000 0.250000
vt 0.625000 0.937500
vt 0.625000 0.875000
vt 0.625000 0.875000
vt 0.625000 0.937500
vt 0.625000 0.812500
vt 0.625000 0.812500
vt 0.625000 0.875000
vt 0.625000 0.937500
vt 0.625000 0.812500
vt 0.625000 1.000000
vt 0.625000 0.812500
vt 0.625000 0.875000
vt 0.625000 0.937500
vt 0.625000 1.000000
vt 0.625000 1.000000
vt 0.625000 1.000000
vt 0.625000 0.437500
vt 0.625000 0.375000
vt 0.625000 0.375000
vt 0.625000 0.437500
vt 0.625000 0.312500
vt 0.625000 0.312500
vt 0.625000 0.375000
vt 0.625000 0.437500
vt 0.625000 0.312500
vt 0.625000 0.312500
vt 0.625000 0.375000
vt 0.625000 0.437500
vt 0.625000 0.437500
vt 0.625000 0.375000
vt 0.625000 0.375000
vt 0.625000 0.437500
vt 0.625000 0.312500
vt 0.625000 0.312500
vt 0.625000 0.375000
vt 0.625000 0.437500
vt 0.625000 0.312500
vt 0.625000 0.500000
vt 0.625000 0.437500
vt 0.625000 0.500000
vt 0.625000 0.375000
vt 0.625000 0.312500
vt 0.625000 0.250000
vt 0.625000 0.250000
vt 0.625000 0.250000
vt 0.625000 0.250000
vt 0.625000 0.312500
vt 0.625000 0.375000
vt 0.625000 0.437500
vt 0.625000 0.500000
vt 0.625000 0.500000
vt 0.625000 0.500000
vt 0.625000 0.937500
vt 0.625000 0.875000
vt 0.625000 0.875000
vt 0.625000 0.937500
vt 0.625000 0.812500
vt 0.625000 0.812500
vt 0.625000 0.875000
vt 0.625000 0.937500
vt 0.625000 0.812500
vt 0.625000 1.000000
vt 0.625000 0.750000
vt 0.625000 0.750000
vt 0.625000 0.750000
vt 0.625000 0.750000
vt 0.625000 0.812500
vt 0.625000 0.875000
vt 0.625000 0.937500
vt 0.625000 1.000000
vt 0.625000 1.000000
vt 0.625000 1.000000
vt 0.625000 0.437500
vt 0.625000 0.375000
vt 0.625000 0.375000
vt 0.625000 0.437500
vt 0.625000 0.312500
vt 0.625000 0.312500
vt 0.625000 0.375000
vt 0.625000 0.437500
vt 0.625000 0.312500
vt 0.625000 0.500000
vt 0.625000 0.500000
vt 0.625000 0.500000
vt 0.625000 0.687500
vt 0.625000 0.625000
vt 0.625000 0.625000
vt 0.625000 0.687500
vt 0.625000 0.562500
vt 0.625000 0.562500
vt 0.625000 0.625000
vt 0.625000 0.687500
vt 0.625000 0.562500
vt 0.625000 0.562500
vt 0.625000 0.625000
vt 0.625000 0.687500
vt 0.625000 0.187500
vt 0.625000 0.125000
vt 0.625000 0.125000
vt 0.625000 0.187500
vt 0.625000 0.062500
vt 0.625000 0.062500
vt 0.625000 0.125000
vt 0.625000 0.187500
vt 0.625000 0.062500
vt 0.625000 0.187500
vt 0.625000 0.250000
vt 0.625000 0.125000
vt 0.625000 0.062500
vt 0.625000 0.000000
vt 0.625000 0.000000
vt 0.625000 0.000000
vt 0.625000 0.000000
vt 0.625000 0.000000
vt 0.625000 0.062500
vt 0.625000 0.125000
vt 0.625000 0.187500
vt 0.625000 0.250000
vt 0.625000 0.250000
vt 0.625000 0.250000
vt 0.625000 0.687500
vt 0.625000 0.625000
vt 0.625000 0.625000
vt 0.625000 0.687500
vt 0.625000 0.562500
vt 0.625000 0.562500
vt 0.625000 0.625000
vt 0.625000 0.687500
vt 0.625000 0.562500
vt 0.625000 0.750000
vt 0.625000 0.562500
vt 0.625000 0.625000
vt 0.625000 0.687500
vt 0.625000 0.750000
vt 0.625000 0.750000
vt 0.625000 0.750000
vt 0.625000 0.187500
vt 0.625000 0.125000
vt 0.625000 0.125000
vt 0.625000 0.187500
vt 0.625000 0.062500
vt 0.625000 0.062500
vt 0.625000 0.125000
vt 0.625000 0.187500
vt 0.625000 0.062500
vt 0.625000 0.000000
vt 0.625000 0.000000
vt 0.625000 0.000000
vt 0.625000 0.937500
vt 0.625000 0.875000
vt 0.625000 0.875000
vt 0.625000 0.937500
vt 0.625000 0.812500
vt 0.625000 0.812500
vt 0.625000 0.875000
vt 0.625000 0.937500
vt 0.625000 0.812500
vt 0.625000 1.000000
vt 0.625000 0.812500
vt 0.625000 0.875000
vt 0.625000 0.937500
vt 0.625000 1.000000
vt 0.625000 1.000000
vt 0.625000 1.000000
vt 0.625000 0.437500
vt 0.625000 0.375000
vt 0.625000 0.375000
vt 0.625000 0.437500
vt 0.625000 0.312500
vt 0.625000 0.312500
vt 0.625000 0.375000
vt 0.625000 0.437500
vt 0.625000 0.312500
vt 0.625000 0.500000
vt 0.625000 0.437500
vt 0.625000 0.500000
vt 0.625000 0.375000
vt 0.625000 0.312500
vt 0.625000 0.250000
vt 0.625000 0.250000
vt 0.625000 0.250000
vt 0.625000 0.250000
vt 0.625000 0.312500
vt 0.625000 0.375000
vt 0.625000 0.437500
vt 0.625000 0.500000
vt 0.625000 0.500000
vt 0.625000 0.500000
vt 0.625000 0.937500
vt 0.625000 0.875000
vt 0.625000 0.875000
vt 0.625000 0.937500
vt 0.625000 0.812500
vt 0.625000 0.812500
vt 0.625000 0.875000
vt 0.625000 0.937500
vt 0.625000 0.812500
vt 0.625000 1.000000
vt 0.625000 0.750000
vt 0.625000 0.750000
vt 0.625000 0.750000
vt 0.625000 0.750000
vt 0.625000 0.812500
vt 0.625000 0.875000
vt 0.625000 0.937500
vt 0.625000 1.000000
vt 0.625000 1.000000
vt 0.625000 1.000000
vt 0.625000 0.437500
vt 0.625000 0.375000
vt 0.625000 0.375000
vt 0.625000 0.437500
vt 0.625000 0.312500
vt 0.625000 0.312500
vt 0.625000 0.375000
vt 0.625000 0.437500
vt 0.625000 0.312500
vt 0.625000 0.500000
vt 0.625000 0.500000
vt 0.625000 0.500000
vt 0.625000 0.687500
vt 0.625000 0.625000
vt 0.625000 0.625000
vt 0.625000 0.687500
vt 0.625000 0.562500
vt 0.625000 0.562500
vt 0.625000 0.625000
vt 0.625000 0.687500
vt 0.625000 0.562500
vt 0.625000 0.562500
vt 0.625000 0.625000
vt 0.625000 0.687500
vt 0.625000 0.187500
vt 0.625000 0.125000
vt 0.625000 0.125000
vt 0.625000 0.187500
vt 0.625000 0.062500
vt 0.625000 0.062500
vt 0.625000 0.125000
vt 0.625000 0.187500
vt 0.625000 0.062500
vt 0.625000 0.187500
vt 0.625000 0.250000
vt 0.625000 0.125000
vt 0.625000 0.062500
vt 0.625000 0.000000
vt 0.625000 0.000000
vt 0.625000 0.000000
vt 0.625000 0.000000
vt 0.625000 0.000000
vt 0.625000 0.062500
vt 0.625000 0.125000
vt 0.625000 0.187500
vt 0.625000 0.250000
vt 0.625000 0.250000
vt 0.625000 0.250000
vt 0.625000 0.687500
vt 0.625000 0.625000
vt 0.625000 0.625000
vt 0.625000 0.687500
vt 0.625000 0.562500
vt 0.625000 0.562500
vt 0.625000 0.625000
vt 0.625000 0.687500
vt 0.625000 0.562500
vt 0.625000 0.750000
vt 0.625000 0.562500
vt 0.625000 0.625000
vt 0.625000 0.687500
vt 0.625000 0.750000
vt 0.625000 0.750000
vt 0.625000 0.750000
vt 0.625000 0.187500
vt 0.625000 0.125000
vt 0.625000 0.125000
vt 0.625000 0.187500
vt 0.625000 0.062500
vt 0.625000 0.062500
vt 0.625000 0.125000
vt 0.625000 0.187500
vt 0.625000 0.062500
vt 0.625000 0.000000
vt 0.625000 0.000000
vt 0.625000 0.000000
vt 0.625000 0.937500
vt 0.625000 0.875000
vt 0.625000 0.875000
vt 0.625000 0.937500
vt 0.625000 0.812500
vt 0.625000 0.812500
vt 0.625000 0.875000
vt 0.625000 0.937500
vt 0.625000 0.812500
vt 0.625000 1.000000
vt 0.625000 0.812500
vt 0.625000 0.875000
vt 0.625000 0.937500
vt 0.625000 1.000000
vt 0.625000 1.000000
vt 0.625000 1.000000
vt 0.696533 0.562500
vt 0.752387 0.562500
vt 0.753472 0.625000
vt 0.700087 0.625000
vt 0.812798 0.562500
vt 0.812934 0.625000
vt 0.752387 0.687500
vt 0.696533 0.687500
vt 0.812798 0.687500
vt 0.625000 0.500000
vt 0.687500 0.500000
vt 0.653700 0.562500
vt 0.750000 0.500000
vt 0.812500 0.500000
vt 0.875000 0.500000
vt 0.875000 0.562500
vt 0.875000 0.625000
vt 0.875000 0.687500
vt 0.875000 0.750000
vt 0.812500 0.750000
vt 0.750000 0.750000
vt 0.687500 0.750000
vt 0.653700 0.687500
vt 0.625000 0.750000
vt 0.659722 0.625000
vt 0.625000 0.937500
vt 0.625000 0.875000
vt 0.625000 0.875000
vt 0.625000 0.937500
vt 0.625014 0.812500
vt 0.625109 0.812500
vt 0.625000 0.875000
vt 0.625000 0.937500
vt 0.625231 0.812500
vt 0.625000 1.000000
vt 0.625109 0.750000
vt 0.625868 0.750000
vt 0.627604 0.750000
vt 0.625000 0.812500
vt 0.625000 0.875000
vt 0.625000 0.937500
vt 0.625000 1.000000
vt 0.625000 1.000000
vt 0.625000 1.000000
vt 0.625014 0.437500
vt 0.625000 0.375000
vt 0.625000 0.375000
vt 0.625109 0.437500
vt 0.625000 0.312500
vt 0.625000 0.312500
vt 0.625000 0.375000
vt 0.625231 0.437500
vt 0.625000 0.312500
vt 0.625109 0.500000
vt 0.625000 0.312500
vt 0.625000 0.375000
vt 0.625000 0.437500
vt 0.627604 0.500000
vt 0.625868 0.500000
vt 0.625312 0.687500
vt 0.625434 0.625000
vt 0.628472 0.625000
vt 0.627496 0.687500
vt 0.625312 0.562500
vt 0.627496 0.562500
vt 0.637587 0.625000
vt 0.634264 0.687500
vt 0.634264 0.562500
vn -0.3253 0.3994 0.8571
vn -0.0017 0.2800 0.9600
vn -0.0012 0.2206 0.9753
vn -0.3277 0.3724 0.8683
vn 0.3481 0.1502 0.9254
vn 0.3510 0.0558 0.9347
vn -0.0007 0.1735 0.9848
vn -0.3289 0.3538 0.8755
vn 0.3506 -0.0233 0.9362
vn -0.6135 0.5000 0.6112
vn -0.3218 0.4305 0.8433
vn -0.6119 0.4993 0.6133
vn -0.0024 0.3453 0.9385
vn 0.3408 0.2520 0.9057
vn 0.6984 0.1447 0.7009
vn 0.7049 0.0103 0.7092
vn 0.6989 -0.1134 0.7061
vn 0.6848 -0.2187 0.6951
vn 0.6667 -0.3049 0.6800
vn 0.3485 -0.0871 0.9333
vn -0.0005 0.1387 0.9903
vn -0.3291 0.3439 0.8794
vn -0.6078 0.5011 0.6160
vn -0.6042 0.5070 0.6146
vn -0.6103 0.4988 0.6154
vn 0.3164 0.4174 0.8518
vn 0.3213 0.3943 0.8609
vn -0.0043 0.4169 0.9089
vn -0.0053 0.4078 0.9131
vn 0.3302 0.3394 0.8807
vn -0.0033 0.3963 0.9181
vn -0.3226 0.4383 0.8389
vn -0.3296 0.4007 0.8548
vn -0.3199 0.4482 0.8347
vn 0.6300 0.4386 0.6409
vn 0.6363 0.4229 0.6451
vn 0.3187 0.3990 0.8598
vn 0.6558 0.3627 0.6621
vn 0.6791 0.2689 0.6830
vn -0.6196 0.4875 0.6151
vn -0.6341 0.4507 0.6284
vn -0.6544 0.3887 0.6485
vn -0.3406 0.3241 0.8826
vn -0.6793 0.2897 0.6742
vn -0.0057 0.3589 0.9333
vn -0.8705 0.3659 0.3290
vn -0.8400 0.4409 0.3162
vn -0.9062 0.4227 -0.0003
vn -0.9376 0.3478 0.0013
vn -0.8132 0.4953 0.3055
vn -0.8753 0.4835 -0.0016
vn -0.8563 0.4027 -0.3232
vn -0.8806 0.3402 -0.3299
vn -0.8300 0.4598 -0.3157
vn -0.9029 0.2592 0.3428
vn -0.7944 0.5287 0.2988
vn -0.8495 0.5276 -0.0021
vn -0.8051 0.5069 -0.3079
vn -0.6284 0.4527 -0.6325
vn -0.6440 0.4130 -0.6439
vn -0.6586 0.3732 -0.6534
vn -0.6702 0.3381 -0.6607
vn -0.9048 0.2589 -0.3379
vn -0.6824 0.2900 -0.6710
vn -0.9688 0.2478 0.0025
vn -0.1096 -0.9877 -0.1115
vn 0.0016 -0.9934 -0.1146
vn 0.0011 -1.0000 -0.0003
vn -0.1075 -0.9942 -0.0004
vn 0.1210 -0.9854 -0.1199
vn 0.1184 -0.9930 -0.0005
vn 0.0014 -0.9938 0.1110
vn -0.1072 -0.9883 0.1082
vn 0.1180 -0.9862 0.1160
vn -0.2749 -0.9186 -0.2837
vn -0.1441 -0.9372 -0.3175
vn -0.2949 -0.9451 -0.1407
vn 0.0049 -0.9421 -0.3352
vn 0.1683 -0.9220 -0.3486
vn 0.3319 -0.8854 -0.3254
vn 0.3631 -0.9160 -0.1706
vn 0.3612 -0.9325 -0.0019
vn 0.3517 -0.9220 0.1617
vn 0.3171 -0.8977 0.3059
vn 0.1575 -0.9323 0.3254
vn 0.0042 -0.9497 0.3129
vn -0.1363 -0.9449 0.2977
vn -0.2870 -0.9484 0.1347
vn -0.2636 -0.9267 0.2677
vn -0.2922 -0.9563 -0.0011
vn 0.8628 0.3850 -0.3277
vn 0.8991 0.2720 -0.3429
vn 0.9582 0.2861 0.0005
vn 0.9185 0.3953 0.0016
vn 0.9239 0.1457 -0.3539
vn 0.9881 0.1538 -0.0010
vn 0.8854 0.3187 0.3383
vn 0.8512 0.4107 0.3267
vn 0.9165 0.1961 0.3486
vn 0.6328 0.4396 -0.6373
vn 0.6536 0.3722 -0.6590
vn 0.8317 0.4568 -0.3154
vn 0.6770 0.2722 -0.6838
vn 0.6925 0.1713 -0.7007
vn 0.7003 0.0808 -0.7092
vn 0.9333 0.0207 -0.3586
vn 0.9999 0.0125 -0.0021
vn 0.9337 0.0530 0.3539
vn 0.8302 0.4566 0.3197
vn 0.8881 0.4595 0.0021
vn -0.3404 0.3330 -0.8793
vn -0.3392 0.3309 -0.8806
vn -0.0051 0.2968 -0.9549
vn -0.0055 0.3346 -0.9423
vn -0.3356 0.3412 -0.8780
vn -0.0040 0.2730 -0.9620
vn 0.3354 0.2784 -0.9000
vn 0.3274 0.3496 -0.8778
vn 0.3411 0.2169 -0.9146
vn -0.3421 0.3247 -0.8817
vn -0.3306 0.3611 -0.8719
vn -0.0024 0.2641 -0.9645
vn 0.3451 0.1708 -0.9229
vn 0.3207 0.4000 -0.8585
vn -0.0054 0.3596 -0.9330
vn -0.2449 -0.7004 -0.6704
vn -0.3460 -0.2186 -0.9124
vn 0.0008 -0.1382 -0.9904
vn 0.0117 -0.6752 -0.7375
vn -0.3558 0.1883 -0.9154
vn -0.0054 0.2583 -0.9660
vn 0.3573 -0.0674 -0.9315
vn 0.2910 -0.6243 -0.7249
vn 0.3330 0.3190 -0.8873
vn -0.4782 -0.7264 -0.4937
vn -0.6702 -0.3013 -0.6782
vn -0.7068 0.1132 -0.6983
vn 0.6543 0.3697 -0.6597
vn 0.7068 -0.0083 -0.7073
vn 0.5868 -0.5684 -0.5766
vn 0.7651 -0.5735 -0.2927
vn 0.9334 0.0246 -0.3578
vn 0.9998 0.0204 0.0013
vn 0.8034 -0.5954 -0.0038
vn 0.8581 0.3954 -0.3276
vn 0.9188 0.3946 0.0023
vn 0.9329 -0.0199 0.3594
vn 0.7493 -0.6006 0.2787
vn 0.8661 0.3703 0.3358
vn 0.6645 0.3184 0.6760
vn 0.7043 -0.0934 0.7037
vn 0.5618 -0.6233 0.5439
vn -0.5813 -0.7819 0.2250
vn -0.8573 -0.3956 0.3293
vn -0.9210 -0.3895 -0.0010
vn -0.6162 -0.7876 -0.0027
vn -0.9338 0.0278 0.3568
vn -0.9996 0.0287 0.0019
vn -0.8697 -0.3610 -0.3365
vn -0.5970 -0.7663 -0.2373
vn -0.9341 0.0557 -0.3525
vn -0.4538 -0.7621 0.4617
vn -0.6529 -0.3723 0.6597
vn -0.7071 0.0585 0.7047
vn 0.2732 -0.6872 0.6731
vn 0.3544 -0.1774 0.9181
vn 0.0033 -0.2520 0.9677
vn 0.0105 -0.7338 0.6793
vn 0.3388 0.2486 0.9074
vn -0.0050 0.1805 0.9835
vn -0.3342 -0.3186 0.8870
vn -0.2290 -0.7514 0.6188
vn -0.3575 0.1152 0.9268
vn 0.3390 -0.2228 -0.9140
vn -0.0026 0.0248 -0.9997
vn -0.0038 -0.0112 -0.9999
vn 0.3305 -0.2853 -0.8997
vn -0.3386 0.2729 -0.9004
vn -0.3380 0.2687 -0.9019
vn -0.0045 -0.0138 -0.9999
vn 0.3231 -0.3246 -0.8889
vn -0.3326 0.3001 -0.8940
vn 0.6608 -0.3373 -0.6704
vn 0.3470 -0.1336 -0.9283
vn 0.6315 -0.4306 -0.6447
vn -0.0015 0.0913 -0.9958
vn -0.3354 0.3075 -0.8905
vn -0.6139 0.4866 -0.6215
vn -0.6149 0.4801 -0.6255
vn -0.6059 0.4980 -0.6203
vn -0.5842 0.5430 -0.6031
vn -0.5489 0.6089 -0.5726
vn -0.3209 0.3630 -0.8748
vn -0.0039 0.0146 -0.9999
vn 0.3176 -0.3456 -0.8830
vn 0.5746 -0.5604 -0.5964
vn 0.5475 -0.6090 -0.5738
vn 0.6026 -0.5026 -0.6199
vn -0.7852 0.5417 -0.2999
vn -0.8296 0.5582 -0.0011
vn -0.8146 0.5800 -0.0002
vn -0.7715 0.5640 -0.2942
vn -0.7819 0.5487 0.2959
vn -0.7717 0.5640 0.2938
vn -0.8039 0.5948 0.0005
vn -0.7642 0.5755 -0.2912
vn -0.7630 0.5766 0.2919
vn -0.6162 0.4838 -0.6214
vn -0.7551 0.5882 0.2896
vn -0.7960 0.6053 0.0006
vn -0.7613 0.5798 -0.2904
vn -0.6098 0.4984 -0.6162
vn -0.6099 0.4989 -0.6156
vn 0.9307 -0.0923 0.3539
vn 0.9919 -0.1265 -0.0013
vn 0.9662 -0.2578 -0.0002
vn 0.9100 -0.2259 0.3476
vn 0.9288 -0.1017 -0.3562
vn 0.9099 -0.2253 -0.3481
vn 0.9271 -0.3747 0.0007
vn 0.8777 -0.3407 0.3368
vn 0.8772 -0.3438 -0.3350
vn 0.7030 -0.0091 -0.7111
vn 0.6987 -0.1123 -0.7066
vn 0.6847 -0.2256 -0.6930
vn 0.8347 -0.4491 -0.3186
vn 0.8809 -0.4733 0.0012
vn 0.8401 -0.4353 0.3236
vn 0.3484 0.1241 -0.9291
vn -0.0015 0.2533 -0.9674
vn -0.0011 0.2217 -0.9751
vn 0.3508 0.0571 -0.9347
vn -0.3274 0.3765 -0.8666
vn -0.3274 0.3729 -0.8681
vn -0.0011 0.1656 -0.9862
vn 0.3509 -0.0320 -0.9358
vn -0.3305 0.3484 -0.8771
vn 0.5945 -0.7707 0.2294
vn 0.6164 -0.7874 -0.0012
vn 0.5927 -0.8054 -0.0013
vn 0.5690 -0.7924 0.2198
vn 0.6044 -0.7608 -0.2365
vn 0.5862 -0.7768 -0.2301
vn 0.6017 -0.7987 -0.0014
vn 0.5747 -0.7877 0.2219
vn 0.5974 -0.7668 -0.2348
vn 0.5476 -0.6139 0.5684
vn 0.6446 -0.7230 0.2485
vn 0.5098 -0.6764 0.5315
vn 0.6660 -0.7459 -0.0011
vn 0.6449 -0.7217 -0.2515
vn 0.5264 -0.6440 -0.5551
vn 0.5184 -0.6561 -0.5484
vn 0.5282 -0.6399 -0.5580
vn 0.5593 -0.5870 -0.5853
vn 0.6439 -0.7222 -0.2525
vn 0.6502 -0.7597 -0.0017
vn 0.6173 -0.7499 0.2377
vn 0.4890 -0.7071 0.5106
vn 0.5158 -0.6692 0.5348
vn 0.4882 -0.7079 0.5103
vn 0.7996 -0.5153 0.3084
vn 0.8319 -0.5549 0.0008
vn 0.7809 -0.6247 0.0002
vn 0.7547 -0.5879 0.2911
vn 0.7886 -0.5355 -0.3022
vn 0.7423 -0.6059 -0.2859
vn 0.7255 -0.6882 -0.0005
vn 0.7029 -0.6576 0.2711
vn 0.6945 -0.6672 -0.2691
vn 0.6460 -0.3809 0.6615
vn 0.5879 -0.5342 0.6074
vn 0.6205 -0.4558 0.6381
vn -0.7545 0.5891 -0.2893
vn -0.7841 0.6206 -0.0001
vn -0.7606 0.6492 -0.0008
vn -0.7351 0.6158 -0.2836
vn -0.7435 0.6049 0.2849
vn -0.7231 0.6327 0.2770
vn -0.7223 0.6915 -0.0012
vn -0.6996 0.6608 -0.2716
vn -0.6912 0.6721 0.2653
vn -0.5986 0.5197 0.6096
vn -0.5883 0.5416 0.6004
vn -0.5719 0.5738 0.5863
vn -0.5488 0.6139 0.5673
vn -0.6480 0.7194 0.2499
vn -0.6699 0.7424 -0.0011
vn -0.6486 0.7178 -0.2530
vn -0.3291 0.3421 0.8802
vn -0.0009 0.1113 0.9938
vn -0.0017 0.0835 0.9965
vn -0.3283 0.3458 0.8790
vn 0.3448 -0.1438 0.9276
vn 0.3393 -0.2039 0.9183
vn -0.0029 0.0517 0.9986
vn -0.3263 0.3551 0.8760
vn 0.3310 -0.2731 0.9033
vn 0.3192 -0.3528 0.8796
vn -0.0040 0.0128 0.9999
vn -0.3227 0.3682 0.8719
vn -0.6799 0.6847 -0.2626
vn -0.7217 0.6922 0.0005
vn -0.8179 0.5753 0.0004
vn -0.7638 0.5742 -0.2949
vn -0.7096 0.6484 0.2757
vn -0.7936 0.5247 0.3078
vn -0.9161 0.4010 0.0004
vn -0.8491 0.4138 -0.3281
vn -0.8734 0.3499 0.3388
vn -0.5123 0.6720 -0.5346
vn -0.6113 0.7552 -0.2364
vn -0.5541 0.6015 -0.5755
vn -0.6438 0.7651 0.0005
vn -0.6380 0.7288 0.2484
vn -0.5572 0.5906 0.5837
vn -0.5998 0.5002 0.6245
vn -0.6422 0.3805 0.6654
vn -0.6751 0.2375 0.6984
vn -0.6926 0.0826 0.7166
vn -0.9243 0.1300 0.3587
vn -0.9857 0.1683 0.0004
vn -0.9132 0.2029 -0.3533
vn -0.6443 0.3764 -0.6656
vn -0.6775 0.2284 -0.6991
vn -0.6008 0.5024 -0.6217
vn -0.5981 0.7667 -0.2334
vn -0.6197 0.7848 -0.0004
vn -0.5935 0.8048 0.0001
vn -0.5701 0.7910 -0.2220
vn -0.6068 0.7591 0.2357
vn -0.5865 0.7770 0.2287
vn -0.5994 0.8004 0.0004
vn -0.5727 0.7890 -0.2222
vn -0.5950 0.7695 0.2321
vn -0.5115 0.6705 -0.5373
vn -0.5271 0.6474 0.5505
vn -0.5181 0.6595 0.5445
vn -0.5274 0.6435 0.5546
vn -0.4882 0.7066 -0.5122
vn -0.4889 0.7045 -0.5144
vn -0.3188 0.3730 0.8713
vn -0.0039 -0.0341 0.9994
vn -0.0035 -0.0774 0.9970
vn -0.3181 0.3614 0.8765
vn 0.3064 -0.4272 0.8506
vn 0.2973 -0.4742 0.8286
vn -0.0023 -0.1104 0.9939
vn -0.3215 0.3289 0.8879
vn 0.2958 -0.4874 0.8216
vn 0.3040 -0.4630 0.8325
vn 0.0005 -0.1279 0.9918
vn -0.3279 0.2732 0.9043
vn 0.3156 -0.3558 -0.8796
vn -0.0007 0.0522 -0.9986
vn 0.0026 0.0815 -0.9966
vn 0.3167 -0.3531 -0.8803
vn -0.3064 0.4292 -0.8496
vn -0.2965 0.4711 -0.8307
vn 0.0055 0.0973 -0.9952
vn 0.3219 -0.3334 -0.8861
vn -0.2944 0.4797 -0.8265
vn -0.3003 0.4515 -0.8402
vn 0.0082 0.1009 -0.9948
vn 0.3321 -0.2911 -0.8972
vn 0.3447 0.3352 -0.8768
vn 0.0119 0.2647 -0.9642
vn 0.0057 0.3022 -0.9532
vn 0.3197 0.4444 -0.8368
vn -0.3361 0.1787 -0.9247
vn -0.3428 0.1256 -0.9309
vn 0.0003 0.3273 -0.9449
vn 0.2979 0.5213 -0.7996
vn -0.3474 0.0704 -0.9351
vn 0.7114 0.1467 -0.6872
vn 0.3654 0.1883 -0.9116
vn 0.6599 0.3837 -0.6460
vn 0.0167 0.2143 -0.9766
vn -0.3291 0.2291 -0.9160
vn -0.6955 0.0706 -0.7150
vn -0.6956 -0.0829 -0.7136
vn -0.6800 -0.2208 -0.6991
vn -0.6543 -0.3375 -0.6767
vn -0.3492 0.0152 -0.9369
vn -0.0038 0.3428 -0.9394
vn 0.2805 0.5758 -0.7679
vn 0.5321 0.6507 -0.5417
vn 0.4854 0.7169 -0.5003
vn 0.5918 0.5471 -0.5920
vn -0.3343 0.2068 0.9195
vn 0.0040 -0.1234 0.9923
vn 0.0087 -0.0990 0.9950
vn -0.3378 0.1415 0.9305
vn 0.3202 -0.4017 0.8579
vn 0.3410 -0.3057 0.8889
vn 0.0141 -0.0528 0.9985
vn -0.3380 0.0843 0.9373
vn 0.3618 -0.1689 0.9168
vn 0.5648 -0.5894 0.5775
vn 0.6280 -0.4581 0.6291
vn 0.6908 -0.2555 0.6764
vn 0.7178 0.0125 0.6961
vn 0.3713 0.0046 0.9285
vn 0.0170 0.0136 0.9998
vn -0.3373 0.0390 0.9405
vn 0.3457 -0.2174 -0.9128
vn 0.0104 0.1074 -0.9941
vn 0.0132 0.1272 -0.9918
vn 0.3600 -0.1116 -0.9262
vn -0.3099 0.3987 -0.8631
vn -0.3183 0.3394 -0.8851
vn 0.0163 0.1635 -0.9864
vn 0.3696 0.0275 -0.9287
vn -0.3242 0.2816 -0.9031
vn 0.6081 -0.4885 -0.6257
vn 0.7099 -0.1173 -0.6945
vn 0.6645 -0.3356 -0.6676
vn 0.6940 -0.6693 0.2653
vn 0.7361 -0.6768 -0.0021
vn 0.8496 -0.5275 -0.0023
vn 0.7952 -0.5265 0.3007
vn 0.7227 -0.6312 -0.2815
vn 0.8220 -0.4739 -0.3159
vn 0.9609 -0.2769 -0.0014
vn 0.8966 -0.2897 0.3348
vn 0.9122 -0.2236 -0.3434
vn 0.9330 0.1001 -0.3458
vn 0.9980 0.0624 0.0008
vn 0.9365 0.0334 0.3490
vn -0.7192 -0.6355 -0.2809
vn -0.7227 -0.6911 -0.0013
vn -0.6590 -0.7521 -0.0015
vn -0.6628 -0.7021 -0.2601
vn -0.6865 -0.6772 0.2646
vn -0.6265 -0.7411 0.2414
vn -0.6078 -0.7940 -0.0018
vn -0.6172 -0.7483 -0.2432
vn -0.5767 -0.7861 0.2221
vn -0.7829 -0.5426 -0.3044
vn -0.6240 -0.4326 -0.6507
vn -0.7967 -0.6043 -0.0010
vn -0.7540 -0.5891 0.2906
vn -0.6162 -0.4637 0.6366
vn -0.5755 -0.5586 0.5972
vn -0.5343 -0.6360 0.5567
vn -0.4964 -0.6962 0.5186
vn -0.4640 -0.7407 0.4858
vn -0.5379 -0.8172 0.2071
vn -0.5690 -0.8224 -0.0020
vn -0.5823 -0.7796 -0.2303
vn -0.5672 -0.5627 -0.6013
vn -0.5458 -0.6025 -0.5823
vn -0.5938 -0.5073 -0.6245
vn 0.8792 0.3416 0.3321
vn 0.9254 0.3789 0.0021
vn 0.8085 0.5884 0.0019
vn 0.7784 0.5523 0.2983
vn 0.8609 0.3949 -0.3207
vn 0.7553 0.5902 -0.2850
vn 0.7051 0.7090 0.0015
vn 0.6861 0.6774 0.2654
vn 0.6627 0.7049 -0.2527
vn 0.6858 0.2721 0.6750
vn 0.5925 0.7727 -0.2274
vn 0.6275 0.7786 0.0012
vn 0.6156 0.7508 0.2394
vn 0.5686 0.5803 0.5830
vn 0.5239 0.6555 0.5439
vn 0.6258 0.4599 0.6299
vn -0.9323 -0.0302 -0.3604
vn -0.9963 -0.0857 0.0002
vn -0.9507 -0.3101 -0.0002
vn -0.9045 -0.2438 -0.3497
vn -0.9277 -0.1016 0.3592
vn -0.8878 -0.3071 0.3428
vn -0.8763 -0.4817 -0.0006
vn -0.8483 -0.4151 -0.3287
vn -0.8241 -0.4690 0.3177
vn -0.6942 -0.0721 0.7161
vn -0.6800 -0.2191 0.6997
vn -0.6524 -0.3507 0.6718
vn -0.3395 -0.0037 0.9406
vn 0.0141 0.0793 0.9967
vn 0.0089 0.1240 0.9922
vn -0.3418 -0.0556 0.9381
vn 0.3610 0.1742 0.9161
vn 0.3414 0.3031 0.8896
vn 0.0045 0.1454 0.9893
vn -0.3416 -0.1180 0.9324
vn 0.3229 0.3909 0.8619
vn 0.3088 0.4466 0.8397
vn 0.0015 0.1455 0.9893
vn -0.3378 -0.1891 0.9220
vn 0.2360 0.6969 -0.6772
vn -0.0143 0.3674 -0.9299
vn -0.0143 0.3551 -0.9347
vn 0.2345 0.7004 -0.6741
vn -0.3380 -0.1805 -0.9237
vn -0.3334 -0.2175 -0.9173
vn -0.0139 0.3304 -0.9437
vn 0.2350 0.6978 -0.6767
vn -0.3271 -0.2643 -0.9073
vn 0.3857 0.8286 -0.4056
vn 0.2398 0.6868 -0.6861
vn 0.3765 0.8375 -0.3959
vn -0.0136 0.3694 -0.9292
vn -0.3412 -0.1509 -0.9278
vn -0.5271 -0.6351 -0.5647
vn -0.5082 -0.6661 -0.5459
vn -0.4881 -0.6971 -0.5250
vn -0.4721 -0.7191 -0.5099
vn -0.3206 -0.3018 -0.8978
vn -0.0141 0.3051 -0.9522
vn 0.2349 0.6938 -0.6807
vn 0.3675 0.8456 -0.3870
vn 0.3641 0.8482 -0.3847
vn 0.3706 0.8429 -0.3899
vn -0.3300 -0.2667 0.9055
vn 0.0001 0.1265 0.9919
vn -0.0001 0.0894 0.9960
vn -0.3189 -0.3476 0.8817
vn 0.2993 0.4790 0.8252
vn 0.2940 0.4925 0.8191
vn 0.0007 0.0357 0.9994
vn -0.3055 -0.4261 0.8515
vn 0.2930 0.4885 0.8219
vn 0.4910 0.7031 0.5144
vn 0.4680 0.7329 0.4938
vn 0.4544 0.7491 0.4820
vn 0.4490 0.7545 0.4785
vn 0.2955 0.4692 0.8321
vn 0.0026 -0.0287 0.9996
vn -0.2911 -0.4958 0.8182
vn 0.2665 0.6161 -0.7411
vn -0.0070 0.3532 -0.9355
vn -0.0097 0.3608 -0.9326
vn 0.2550 0.6473 -0.7183
vn -0.3486 -0.0366 -0.9365
vn -0.3466 -0.0827 -0.9343
vn -0.0119 0.3662 -0.9304
vn 0.2461 0.6706 -0.6998
vn -0.3439 -0.1207 -0.9312
vn 0.4493 0.7615 -0.4671
vn 0.4001 0.8146 -0.4199
vn 0.4210 0.7930 -0.4403
vn 0.5640 0.7958 0.2201
vn 0.5707 0.8212 0.0010
vn 0.5289 0.8487 0.0009
vn 0.5266 0.8247 0.2061
vn 0.5402 0.8153 -0.2082
vn 0.5009 0.8436 -0.1935
vn 0.5000 0.8660 0.0009
vn 0.5018 0.8423 0.1968
vn 0.4729 0.8619 -0.1829
vn 0.4546 0.8731 -0.1758
vn 0.4820 0.8761 0.0010
vn 0.4875 0.8518 0.1917
vn -0.5062 -0.8378 -0.2045
vn -0.4906 -0.8714 -0.0017
vn -0.5934 -0.8049 -0.0040
vn -0.6204 -0.7392 -0.2619
vn -0.4678 -0.8644 0.1842
vn -0.5696 -0.7886 0.2315
vn -0.9602 -0.2792 -0.0087
vn -0.9083 -0.2223 -0.3543
vn -0.8862 -0.3188 0.3361
vn -0.4897 -0.8501 -0.1939
vn -0.4923 -0.6811 -0.5419
vn -0.4765 -0.8791 -0.0011
vn -0.4514 -0.8749 0.1754
vn -0.3943 -0.8179 0.4189
vn -0.4149 -0.7913 0.4491
vn -0.5166 -0.6347 0.5746
vn -0.6937 -0.0826 0.7155
vn -0.6191 0.5990 0.5078
vn -0.7133 0.6334 0.2998
vn -0.7380 0.6746 0.0151
vn -0.6742 0.6915 -0.2590
vn -0.7137 0.0936 -0.6941
vn -0.5607 0.6946 -0.4507
vn -0.5987 -0.4505 -0.6623
vn 0.4792 0.8571 0.1891
vn 0.4707 0.8823 0.0013
vn 0.4620 0.8869 0.0015
vn 0.4722 0.8614 0.1870
vn 0.4428 0.8801 -0.1710
vn 0.4344 0.8850 -0.1676
vn 0.4546 0.8907 0.0016
vn 0.4653 0.8656 0.1847
vn 0.4282 0.8884 -0.1652
vn 0.4476 0.7546 0.4797
vn 0.4212 0.8922 -0.1628
vn 0.4456 0.8952 0.0017
vn 0.4556 0.8715 0.1814
vn 0.4422 0.7590 0.4778
vn 0.4340 0.7676 0.4716
vn 0.4457 0.7557 0.4798
vn -0.5545 -0.8027 -0.2195
vn -0.5389 -0.8424 -0.0018
vn -0.5139 -0.8578 -0.0016
vn -0.5299 -0.8217 -0.2097
vn -0.5079 -0.8389 0.1958
vn -0.4840 -0.8548 0.1869
vn -0.4920 -0.8705 -0.0013
vn -0.5069 -0.8384 -0.2004
vn -0.4643 -0.8672 0.1797
vn -0.4383 -0.7721 0.4602
vn -0.4184 -0.7942 0.4406
vn -0.4028 -0.8103 0.4256
vn -0.2780 -0.5488 0.7884
vn 0.0050 -0.0872 0.9962
vn 0.0070 -0.1289 0.9916
vn -0.2676 -0.5857 0.7651
vn 0.2988 0.4448 0.8443
vn 0.3007 0.4274 0.8525
vn 0.0086 -0.1545 0.9879
vn -0.2598 -0.6106 0.7481
vn 0.3009 0.4196 0.8563
vn 0.2971 0.4293 0.8529
vn 0.0091 -0.1503 0.9886
vn -0.2562 -0.6162 0.7447
vn 0.0809 0.9928 -0.0879
vn -0.0090 0.9940 -0.1085
vn -0.0076 1.0000 0.0008
vn 0.0827 0.9966 0.0005
vn -0.1538 0.9782 -0.1393
vn -0.1616 0.9868 0.0021
vn -0.0102 0.9932 0.1162
vn 0.0836 0.9922 0.0927
vn -0.1649 0.9744 0.1528
vn 0.1628 0.9709 -0.1754
vn 0.0908 0.9710 -0.2209
vn 0.1717 0.9816 -0.0829
vn -0.0188 0.9572 -0.2887
vn -0.2136 0.8933 -0.3954
vn -0.2591 0.8402 0.4763
vn -0.0252 0.9414 0.3363
vn 0.0985 0.9638 0.2478
vn 0.1779 0.9801 0.0874
vn 0.1742 0.9658 0.1921
vn 0.1756 0.9844 0.0007
vn -0.2696 -0.5398 0.7974
vn 0.0034 -0.0345 0.9994
vn -0.0243 0.2673 0.9633
vn -0.3248 -0.2292 0.9176
vn 0.2759 0.5008 0.8203
vn 0.2248 0.6701 0.7074
vn -0.0501 0.6840 0.7277
vn -0.3850 0.3260 0.8634
vn 0.1533 0.8579 0.4904
vn 0.4050 0.7975 0.4470
vn 0.3388 0.8613 0.3787
vn 0.2515 0.9271 0.2778
vn 0.2210 0.7189 -0.6590
vn -0.0211 0.3536 -0.9351
vn -0.0363 0.5495 -0.8347
vn 0.1838 0.8041 -0.5654
vn -0.3283 -0.2279 -0.9167
vn -0.3643 0.0673 -0.9288
vn -0.0378 0.8108 -0.5841
vn 0.1317 0.9051 -0.4042
vn -0.3607 0.5300 -0.7674
vn 0.3451 0.8626 -0.3698
vn 0.2271 0.9427 -0.2443
vn 0.2955 0.9000 -0.3203
vn 0.4281 0.8872 0.1721
vn 0.4208 0.9072 0.0017
vn 0.3641 0.9314 0.0016
vn 0.3666 0.9183 0.1491
vn 0.3988 0.9037 -0.1554
vn 0.3453 0.9285 -0.1361
vn 0.2771 0.9608 0.0012
vn 0.2789 0.9535 0.1145
vn 0.2666 0.9579 -0.1063
usemtl Material
s 1
f 297/1/1 298/2/2 301/3/3 300/4/4
f 298/2/2 299/5/5 302/6/6 301/3/3
f 300/4/4 301/3/3 304/7/7 303/8/8
f 301/3/3 302/6/6 305/9/9 304/7/7
f 7/10/10 65/11/11 297/1/1 122/12/12
f 65/11/11 64/13/13 298/2/2 297/1/1
f 64/13/13 63/14/14 299/5/5 298/2/2
f 63/14/14 3/15/15 117/16/16 299/5/5
f 299/5/5 117/16/16 118/17/17 302/6/6
f 302/6/6 118/17/17 119/18/18 305/9/9
f 305/9/9 119/18/18 14/19/19 105/20/20
f 304/7/7 305/9/9 105/20/20 106/21/21
f 303/8/8 304/7/7 106/21/21 107/22/22
f 120/23/23 303/8/8 107/22/22 16/24/24
f 121/25/25 300/4/4 303/8/8 120/23/23
f 122/12/12 297/1/1 300/4/4 121/25/25
f 306/26/26 307/27/27 310/28/28 309/29/29
f 307/27/27 308/30/30 311/31/31 310/28/28
f 309/29/29 310/28/28 313/32/32 312/33/33
f 310/28/28 311/31/31 314/34/34 313/32/32
f 11/35/35 89/36/36 306/26/26 102/37/37
f 89/36/36 88/38/38 307/27/27 306/26/26
f 88/38/38 87/39/39 308/30/30 307/27/27
f 87/39/39 3/15/15 63/14/14 308/30/30
f 308/30/30 63/14/14 64/13/13 311/31/31
f 311/31/31 64/13/13 65/11/11 314/34/34
f 314/34/34 65/11/11 7/10/10 56/40/40
f 313/32/32 314/34/34 56/40/40 55/41/41
f 312/33/33 313/32/32 55/41/41 54/42/42
f 104/43/43 312/33/33 54/42/42 10/44/44
f 103/45/45 309/29/29 312/33/33 104/43/43
f 102/37/37 306/26/26 309/29/29 103/45/45
f 315/46/46 316/47/47 319/48/48 318/49/49
f 316/47/47 317/50/50 320/51/51 319/48/48
f 318/49/49 319/48/48 322/52/52 321/53/53
f 319/48/48 320/51/51 323/54/54 322/52/52
f 10/55/44 54/56/42 315/46/46 99/57/55
f 54/56/42 55/58/41 316/47/47 315/46/46
f 55/58/41 56/59/40 317/50/50 316/47/47
f 56/59/40 7/60/10 72/61/56 317/50/50
f 317/50/50 72/61/56 73/62/57 320/51/51
f 320/51/51 73/62/57 74/63/58 323/54/54
f 323/54/54 74/63/58 5/64/59 90/65/60
f 322/52/52 323/54/54 90/65/60 91/66/61
f 321/53/53 322/52/52 91/66/61 92/67/62
f 101/68/63 321/53/53 92/67/62 12/69/64
f 100/70/65 318/49/49 321/53/53 101/68/63
f 99/57/55 315/46/46 318/49/49 100/70/65
f 324/71/66 325/72/67 328/73/68 327/74/69
f 325/72/67 326/75/70 329/76/71 328/73/68
f 327/74/69 328/73/68 331/77/72 330/78/73
f 328/73/68 329/76/71 332/79/74 331/77/72
f 6/80/75 50/81/76 324/71/66 45/82/77
f 50/81/76 49/83/78 325/72/67 324/71/66
f 49/83/78 48/84/79 326/75/70 325/72/67
f 48/84/79 2/85/80 80/86/81 326/75/70
f 326/75/70 80/86/81 79/87/82 329/76/71
f 329/76/71 79/87/82 78/88/83 332/79/74
f 332/79/74 78/88/83 4/89/84 71/90/85
f 331/77/72 332/79/74 71/90/85 70/91/86
f 330/78/73 331/77/72 70/91/86 69/92/87
f 47/93/88 330/78/73 69/92/87 8/94/89
f 46/95/90 327/74/69 330/78/73 47/93/88
f 45/82/77 324/71/66 327/74/69 46/95/90
f 333/96/91 334/97/92 337/98/93 336/99/94
f 334/97/92 335/100/95 338/101/96 337/98/93
f 336/99/94 337/98/93 340/102/97 339/103/98
f 337/98/93 338/101/96 341/104/99 340/102/97
f 9/105/100 83/106/101 333/96/91 96/107/102
f 83/106/101 82/108/103 334/97/92 333/96/91
f 82/108/103 81/109/104 335/100/95 334/97/92
f 81/109/104 1/110/105 66/111/106 335/100/95
f 335/100/95 66/111/106 67/112/107 338/101/96
f 338/101/96 67/112/107 68/113/108 341/104/99
f 341/104/99 68/113/108 3/15/15 87/39/39
f 340/102/97 341/104/99 87/39/39 88/38/38
f 339/103/98 340/102/97 88/38/38 89/36/36
f 98/114/109 339/103/98 89/36/36 11/35/35
f 97/115/110 336/99/94 339/103/98 98/114/109
f 96/107/102 333/96/91 336/99/94 97/115/110
f 342/116/111 343/117/112 346/118/113 345/119/114
f 343/117/112 344/120/115 347/121/116 346/118/113
f 345/119/114 346/118/113 349/122/117 348/123/118
f 346/118/113 347/121/116 350/124/119 349/122/117
f 12/69/64 92/67/62 342/116/111 93/125/120
f 92/67/62 91/66/61 343/117/112 342/116/111
f 91/66/61 90/65/60 344/120/115 343/117/112
f 90/65/60 5/64/59 75/126/121 344/120/115
f 344/120/115 75/126/121 76/127/122 347/121/116
f 347/121/116 76/127/122 77/128/123 350/124/119
f 350/124/119 77/128/123 1/110/105 81/109/104
f 349/122/117 350/124/119 81/109/104 82/108/103
f 348/123/118 349/122/117 82/108/103 83/106/101
f 95/129/124 348/123/118 83/106/101 9/105/100
f 94/130/125 345/119/114 348/123/118 95/129/124
f 93/125/120 342/116/111 345/119/114 94/130/125
f 351/131/126 352/132/127 355/133/128 354/134/129
f 352/132/127 353/135/130 356/136/131 355/133/128
f 354/134/129 355/133/128 358/137/132 357/138/133
f 355/133/128 356/136/131 359/139/134 358/137/132
f 6/140/75 62/141/135 351/131/126 50/142/76
f 62/141/135 61/143/136 352/132/127 351/131/126
f 61/143/136 60/144/137 353/135/130 352/132/127
f 60/144/137 12/69/64 93/125/120 353/135/130
f 353/135/130 93/125/120 94/130/125 356/136/131
f 356/136/131 94/130/125 95/129/124 359/139/134
f 359/139/134 95/129/124 9/105/100 51/145/138
f 358/137/132 359/139/134 51/145/138 52/146/139
f 357/138/133 358/137/132 52/146/139 53/147/140
f 48/148/79 357/138/133 53/147/140 2/85/80
f 49/149/78 354/134/129 357/138/133 48/148/79
f 50/142/76 351/131/126 354/134/129 49/149/78
f 360/150/141 361/151/142 364/152/143 363/153/144
f 361/151/142 362/154/145 365/155/146 364/152/143
f 363/153/144 364/152/143 367/156/147 366/157/148
f 364/152/143 365/155/146 368/158/149 367/156/147
f 2/85/80 53/147/140 360/150/141 80/86/81
f 53/147/140 52/146/139 361/151/142 360/150/141
f 52/146/139 51/145/138 362/154/145 361/151/142
f 51/145/138 9/105/100 96/107/102 362/154/145
f 362/154/145 96/107/102 97/115/110 365/155/146
f 365/155/146 97/115/110 98/114/109 368/158/149
f 368/158/149 98/114/109 11/35/35 57/159/150
f 367/156/147 368/158/149 57/159/150 58/160/151
f 366/157/148 367/156/147 58/160/151 59/161/152
f 78/88/83 366/157/148 59/161/152 4/89/84
f 79/87/82 363/153/144 366/157/148 78/88/83
f 80/86/81 360/150/141 363/153/144 79/87/82
f 369/162/153 370/163/154 373/164/155 372/165/156
f 370/163/154 371/166/157 374/167/158 373/164/155
f 372/165/156 373/164/155 376/168/159 375/169/160
f 373/164/155 374/167/158 377/170/161 376/168/159
f 8/171/89 84/172/162 369/162/153 47/173/88
f 84/172/162 85/174/163 370/163/154 369/162/153
f 85/174/163 86/175/164 371/166/157 370/163/154
f 86/175/164 10/55/44 99/57/55 371/166/157
f 371/166/157 99/57/55 100/70/65 374/167/158
f 374/167/158 100/70/65 101/68/63 377/170/161
f 377/170/161 101/68/63 12/69/64 60/144/137
f 376/168/159 377/170/161 60/144/137 61/143/136
f 375/169/160 376/168/159 61/143/136 62/141/135
f 45/176/77 375/169/160 62/141/135 6/140/75
f 46/177/90 372/165/156 375/169/160 45/176/77
f 47/173/88 369/162/153 372/165/156 46/177/90
f 378/178/165 379/179/166 382/180/167 381/181/168
f 379/179/166 380/182/169 383/183/170 382/180/167
f 381/181/168 382/180/167 385/184/171 384/185/172
f 382/180/167 383/183/170 386/186/173 385/184/171
f 4/89/84 59/161/152 378/178/165 71/187/85
f 59/161/152 58/160/151 379/179/166 378/178/165
f 58/160/151 57/159/150 380/182/169 379/179/166
f 57/159/150 11/35/35 102/37/37 380/182/169
f 380/182/169 102/37/37 103/45/45 383/183/170
f 383/183/170 103/45/45 104/43/43 386/186/173
f 386/186/173 104/43/43 10/44/44 86/188/164
f 385/184/171 386/186/173 86/188/164 85/189/163
f 384/185/172 385/184/171 85/189/163 84/190/162
f 69/191/87 384/185/172 84/190/162 8/192/89
f 70/193/86 381/181/168 384/185/172 69/191/87
f 71/187/85 378/178/165 381/181/168 70/193/86
f 387/194/174 388/195/175 391/196/176 390/197/177
f 388/195/175 389/198/178 392/199/179 391/196/176
f 390/197/177 391/196/176 394/200/180 393/201/181
f 391/196/176 392/199/179 395/202/182 394/200/180
f 13/203/183 116/204/184 387/194/174 146/205/185
f 116/204/184 115/206/186 388/195/175 387/194/174
f 115/206/186 114/207/187 389/198/178 388/195/175
f 114/207/187 15/208/188 141/209/189 389/198/178
f 389/198/178 141/209/189 142/210/190 392/199/179
f 392/199/179 142/210/190 143/211/191 395/202/182
f 395/202/182 143/211/191 19/212/192 138/213/193
f 394/200/180 395/202/182 138/213/193 139/214/194
f 393/201/181 394/200/180 139/214/194 140/215/195
f 144/216/196 393/201/181 140/215/195 17/217/197
f 145/218/198 390/197/177 393/201/181 144/216/196
f 146/205/185 387/194/174 390/197/177 145/218/198
f 396/219/199 397/220/200 400/221/201 399/222/202
f 397/220/200 398/223/203 401/224/204 400/221/201
f 399/222/202 400/221/201 403/225/205 402/226/206
f 400/221/201 401/224/204 404/227/207 403/225/205
f 5/64/59 74/63/58 396/219/199 125/228/208
f 74/63/58 73/62/57 397/220/200 396/219/199
f 73/62/57 72/61/56 398/223/203 397/220/200
f 72/61/56 7/60/10 122/229/12 398/223/203
f 398/223/203 122/229/12 121/230/25 401/224/204
f 401/224/204 121/230/25 120/231/23 404/227/207
f 404/227/207 120/231/23 16/232/24 111/233/209
f 403/225/205 404/227/207 111/233/209 112/234/210
f 402/226/206 403/225/205 112/234/210 113/235/211
f 123/236/212 402/226/206 113/235/211 15/208/188
f 124/237/213 399/222/202 402/226/206 123/236/212
f 125/228/208 396/219/199 399/222/202 124/237/213
f 405/238/214 406/239/215 409/240/216 408/241/217
f 406/239/215 407/242/218 410/243/219 409/240/216
f 408/241/217 409/240/216 412/244/220 411/245/221
f 409/240/216 410/243/219 413/246/222 412/244/220
f 3/15/15 68/113/108 405/238/214 117/16/16
f 68/113/108 67/112/107 406/239/215 405/238/214
f 67/112/107 66/111/106 407/242/218 406/239/215
f 66/111/106 1/110/105 126/247/223 407/242/218
f 407/242/218 126/247/223 127/248/224 410/243/219
f 410/243/219 127/248/224 128/249/225 413/246/222
f 413/246/222 128/249/225 13/203/183 108/250/226
f 412/244/220 413/246/222 108/250/226 109/251/227
f 411/245/221 412/244/220 109/251/227 110/252/228
f 119/18/18 411/245/221 110/252/228 14/19/19
f 118/17/17 408/241/217 411/245/221 119/18/18
f 117/16/16 405/238/214 408/241/217 118/17/17
f 414/253/229 415/254/230 418/255/231 417/256/232
f 415/254/230 416/257/233 419/258/234 418/255/231
f 417/256/232 418/255/231 421/259/235 420/260/236
f 418/255/231 419/258/234 422/261/237 421/259/235
f 1/110/105 77/128/123 414/253/229 126/247/223
f 77/128/123 76/127/122 415/254/230 414/253/229
f 76/127/122 75/126/121 416/257/233 415/254/230
f 75/126/121 5/64/59 125/228/208 416/257/233
f 416/257/233 125/228/208 124/237/213 419/258/234
f 419/258/234 124/237/213 123/236/212 422/261/237
f 422/261/237 123/236/212 15/208/188 114/207/187
f 421/259/235 422/261/237 114/207/187 115/206/186
f 420/260/236 421/259/235 115/206/186 116/204/184
f 128/249/225 420/260/236 116/204/184 13/203/183
f 127/248/224 417/256/232 420/260/236 128/249/225
f 126/247/223 414/253/229 417/256/232 127/248/224
f 423/262/238 424/263/239 427/264/240 426/265/241
f 424/263/239 425/266/242 428/267/243 427/264/240
f 426/265/241 427/264/240 430/268/244 429/269/245
f 427/264/240 428/267/243 431/270/246 430/268/244
f 18/271/247 134/272/248 423/262/238 170/273/249
f 134/272/248 133/274/250 424/263/239 423/262/238
f 133/274/250 132/275/251 425/266/242 424/263/239
f 132/275/251 17/217/197 165/276/252 425/266/242
f 425/266/242 165/276/252 166/277/253 428/267/243
f 428/267/243 166/277/253 167/278/254 431/270/246
f 431/270/246 167/278/254 21/279/255 156/280/256
f 430/268/244 431/270/246 156/280/256 157/281/257
f 429/269/245 430/268/244 157/281/257 158/282/258
f 168/283/259 429/269/245 158/282/258 22/284/260
f 169/285/261 426/265/241 429/269/245 168/283/259
f 170/273/249 423/262/238 426/265/241 169/285/261
f 432/286/262 433/287/263 436/288/264 435/289/265
f 433/287/263 434/290/266 437/291/267 436/288/264
f 435/289/265 436/288/264 439/292/268 438/293/269
f 436/288/264 437/291/267 440/294/270 439/292/268
f 14/19/19 110/252/228 432/286/262 149/295/271
f 110/252/228 109/251/227 433/287/263 432/286/262
f 109/251/227 108/250/226 434/290/266 433/287/263
f 108/250/226 13/203/183 146/205/185 434/290/266
f 434/290/266 146/205/185 145/218/198 437/291/267
f 437/291/267 145/218/198 144/216/196 440/294/270
f 440/294/270 144/216/196 17/217/197 132/275/251
f 439/292/268 440/294/270 132/275/251 133/274/250
f 438/293/269 439/292/268 133/274/250 134/272/248
f 147/296/272 438/293/269 134/272/248 18/271/247
f 148/297/273 435/289/265 438/293/269 147/296/272
f 149/295/271 432/286/262 435/289/265 148/297/273
f 441/298/274 442/299/275 445/300/276 444/301/277
f 442/299/275 443/302/278 446/303/279 445/300/276
f 444/301/277 445/300/276 448/304/280 447/305/281
f 445/300/276 446/303/279 449/306/282 448/304/280
f 15/208/188 113/235/211 441/298/274 141/209/189
f 113/235/211 112/234/210 442/299/275 441/298/274
f 112/234/210 111/233/209 443/302/278 442/299/275
f 111/233/209 16/232/24 150/307/283 443/302/278
f 443/302/278 150/307/283 151/308/284 446/303/279
f 446/303/279 151/308/284 152/309/285 449/306/282
f 449/306/282 152/309/285 20/310/286 135/311/287
f 448/304/280 449/306/282 135/311/287 136/312/288
f 447/305/281 448/304/280 136/312/288 137/313/289
f 143/211/191 447/305/281 137/313/289 19/212/192
f 142/210/190 444/301/277 447/305/281 143/211/191
f 141/209/189 441/298/274 444/301/277 142/210/190
f 450/314/290 451/315/291 454/316/292 453/317/293
f 451/315/291 452/318/294 455/319/295 454/316/292
f 453/317/293 454/316/292 457/320/296 456/321/297
f 454/316/292 455/319/295 458/322/298 457/320/296
f 16/24/24 107/22/22 450/314/290 150/323/283
f 107/22/22 106/21/21 451/315/291 450/314/290
f 106/21/21 105/20/20 452/318/294 451/315/291
f 105/20/20 14/19/19 149/295/271 452/318/294
f 452/318/294 149/295/271 148/297/273 455/319/295
f 455/319/295 148/297/273 147/296/272 458/322/298
f 458/322/298 147/296/272 18/271/247 129/324/299
f 457/320/296 458/322/298 129/324/299 130/325/300
f 456/321/297 457/320/296 130/325/300 131/326/301
f 152/327/285 456/321/297 131/326/301 20/328/286
f 151/329/284 453/317/293 456/321/297 152/327/285
f 150/323/283 450/314/290 453/317/293 151/329/284
f 459/330/302 460/331/303 463/332/304 462/333/305
f 460/331/303 461/334/306 464/335/307 463/332/304
f 462/333/305 463/332/304 466/336/308 465/337/309
f 463/332/304 464/335/307 467/338/310 466/336/308
f 23/339/311 161/340/312 459/330/302 194/341/313
f 161/340/312 160/342/314 460/331/303 459/330/302
f 160/342/314 159/343/315 461/334/306 460/331/303
f 159/343/315 24/344/316 189/345/317 461/334/306
f 461/334/306 189/345/317 190/346/318 464/335/307
f 464/335/307 190/346/318 191/347/319 467/338/310
f 467/338/310 191/347/319 28/348/320 183/349/321
f 466/336/308 467/338/310 183/349/321 184/350/322
f 465/337/309 466/336/308 184/350/322 185/351/323
f 192/352/324 465/337/309 185/351/323 27/353/325
f 193/354/326 462/333/305 465/337/309 192/352/324
f 194/341/313 459/330/302 462/333/305 193/354/326
f 468/355/327 469/356/328 472/357/329 471/358/330
f 469/356/328 470/359/331 473/360/332 472/357/329
f 471/358/330 472/357/329 475/361/333 474/362/334
f 472/357/329 473/360/332 476/363/335 475/361/333
f 19/212/192 137/313/289 468/355/327 176/364/336
f 137/313/289 136/312/288 469/356/328 468/355/327
f 136/312/288 135/311/287 470/359/331 469/356/328
f 135/311/287 20/310/286 171/365/337 470/359/331
f 470/359/331 171/365/337 172/366/338 473/360/332
f 473/360/332 172/366/338 173/367/339 476/363/335
f 476/363/335 173/367/339 24/344/316 159/343/315
f 475/361/333 476/363/335 159/343/315 160/342/314
f 474/362/334 475/361/333 160/342/314 161/340/312
f 174/368/340 474/362/334 161/340/312 23/339/311
f 175/369/341 471/358/330 474/362/334 174/368/340
f 176/364/336 468/355/327 471/358/330 175/369/341
f 477/370/342 478/371/343 481/372/344 480/373/345
f 478/371/343 479/374/346 482/375/347 481/372/344
f 480/373/345 481/372/344 484/376/348 483/377/349
f 481/372/344 482/375/347 485/378/350 484/376/348
f 20/328/286 131/326/301 477/370/342 171/379/337
f 131/326/301 130/325/300 478/371/343 477/370/342
f 130/325/300 129/324/299 479/374/346 478/371/343
f 129/324/299 18/271/247 170/273/249 479/374/346
f 479/374/346 170/273/249 169/285/261 482/375/347
f 482/375/347 169/285/261 168/283/259 485/378/350
f 485/378/350 168/283/259 22/284/260 153/380/351
f 484/376/348 485/378/350 153/380/351 154/381/352
f 483/377/349 484/376/348 154/381/352 155/382/353
f 173/383/339 483/377/349 155/382/353 24/384/316
f 172/385/338 480/373/345 483/377/349 173/383/339
f 171/379/337 477/370/342 480/373/345 172/385/338
f 486/386/354 487/387/355 490/388/356 489/389/357
f 487/387/355 488/390/358 491/391/359 490/388/356
f 489/389/357 490/388/356 493/392/360 492/393/361
f 490/388/356 491/391/359 494/394/362 493/392/360
f 17/217/197 140/215/195 486/386/354 165/276/252
f 140/215/195 139/214/194 487/387/355 486/386/354
f 139/214/194 138/213/193 488/390/358 487/387/355
f 138/213/193 19/212/192 176/364/336 488/390/358
f 488/390/358 176/364/336 175/369/341 491/391/359
f 491/391/359 175/369/341 174/368/340 494/394/362
f 494/394/362 174/368/340 23/339/311 162/395/363
f 493/392/360 494/394/362 162/395/363 163/396/364
f 492/393/361 493/392/360 163/396/364 164/397/365
f 167/278/254 492/393/361 164/397/365 21/279/255
f 166/277/253 489/389/357 492/393/361 167/278/254
f 165/276/252 486/386/354 489/389/357 166/277/253
f 495/398/366 496/399/367 499/400/368 498/401/369
f 496/399/367 497/402/370 500/403/371 499/400/368
f 498/401/369 499/400/368 502/404/372 501/405/373
f 499/400/368 500/403/371 503/406/374 502/404/372
f 25/407/375 188/408/376 495/398/366 218/409/377
f 188/408/376 187/410/378 496/399/367 495/398/366
f 187/410/378 186/411/379 497/402/370 496/399/367
f 186/411/379 27/353/325 213/412/380 497/402/370
f 497/402/370 213/412/380 214/413/381 500/403/371
f 500/403/371 214/413/381 215/414/382 503/406/374
f 503/406/374 215/414/382 31/415/383 210/416/384
f 502/404/372 503/406/374 210/416/384 211/417/385
f 501/405/373 502/404/372 211/417/385 212/418/386
f 216/419/387 501/405/373 212/418/386 29/420/388
f 217/421/389 498/401/369 501/405/373 216/419/387
f 218/409/377 495/398/366 498/401/369 217/421/389
f 504/422/390 505/423/391 508/424/392 507/425/393
f 505/423/391 506/426/394 509/427/395 508/424/392
f 507/425/393 508/424/392 511/428/396 510/429/397
f 508/424/392 509/427/395 512/430/398 511/428/396
f 24/384/316 155/382/353 504/422/390 189/431/317
f 155/382/353 154/381/352 505/423/391 504/422/390
f 154/381/352 153/380/351 506/426/394 505/423/391
f 153/380/351 22/284/260 195/432/399 506/426/394
f 506/426/394 195/432/399 196/433/400 509/427/395
f 509/427/395 196/433/400 197/434/401 512/430/398
f 512/430/398 197/434/401 26/435/402 177/436/403
f 511/428/396 512/430/398 177/436/403 178/437/404
f 510/429/397 511/428/396 178/437/404 179/438/405
f 191/439/319 510/429/397 179/438/405 28/440/320
f 190/441/318 507/425/393 510/429/397 191/439/319
f 189/431/317 504/422/390 507/425/393 190/441/318
f 513/442/406 514/443/407 517/444/408 516/445/409
f 514/443/407 515/446/410 518/447/411 517/444/408
f 516/445/409 517/444/408 520/448/412 519/449/413
f 517/444/408 518/447/411 521/450/414 520/448/412
f 21/279/255 164/397/365 513/442/406 200/451/415
f 164/397/365 163/396/364 514/443/407 513/442/406
f 163/396/364 162/395/363 515/446/410 514/443/407
f 162/395/363 23/339/311 194/341/313 515/446/410
f 515/446/410 194/341/313 193/354/326 518/447/411
f 518/447/411 193/354/326 192/352/324 521/450/414
f 521/450/414 192/352/324 27/353/325 186/411/379
f 520/448/412 521/450/414 186/411/379 187/410/378
f 519/449/413 520/448/412 187/410/378 188/408/376
f 198/452/416 519/449/413 188/408/376 25/407/375
f 199/453/417 516/445/409 519/449/413 198/452/416
f 200/451/415 513/442/406 516/445/409 199/453/417
f 522/454/418 523/455/419 526/456/420 525/457/421
f 523/455/419 524/458/422 527/459/423 526/456/420
f 525/457/421 526/456/420 529/460/424 528/461/425
f 526/456/420 527/459/423 530/462/426 529/460/424
f 22/284/260 158/282/258 522/454/418 195/432/399
f 158/282/258 157/281/257 523/455/419 522/454/418
f 157/281/257 156/280/256 524/458/422 523/455/419
f 156/280/256 21/279/255 200/451/415 524/458/422
f 524/458/422 200/451/415 199/453/417 527/459/423
f 527/459/423 199/453/417 198/452/416 530/462/426
f 530/462/426 198/452/416 25/407/375 180/463/427
f 529/460/424 530/462/426 180/463/427 181/464/428
f 528/461/425 529/460/424 181/464/428 182/465/429
f 197/434/401 528/461/425 182/465/429 26/435/402
f 196/433/400 525/457/421 528/461/425 197/434/401
f 195/432/399 522/454/418 525/457/421 196/433/400
f 531/466/430 532/467/431 535/468/432 534/469/433
f 532/467/431 533/470/434 536/471/435 535/468/432
f 534/469/433 535/468/432 538/472/436 537/473/437
f 535/468/432 536/471/435 539/474/438 538/472/436
f 31/415/383 209/475/439 531/466/430 242/476/440
f 209/475/439 208/477/441 532/467/431 531/466/430
f 208/477/441 207/478/442 533/470/434 532/467/431
f 207/478/442 32/479/443 237/480/444 533/470/434
f 533/470/434 237/480/444 238/481/445 536/471/435
f 536/471/435 238/481/445 239/482/446 539/474/438
f 539/474/438 239/482/446 36/483/447 231/484/448
f 538/472/436 539/474/438 231/484/448 232/485/449
f 537/473/437 538/472/436 232/485/449 233/486/450
f 240/487/451 537/473/437 233/486/450 35/488/452
f 241/489/453 534/469/433 537/473/437 240/487/451
f 242/476/440 531/466/430 534/469/433 241/489/453
f 540/490/454 541/491/455 544/492/456 543/493/457
f 541/491/455 542/494/458 545/495/459 544/492/456
f 543/493/457 544/492/456 547/496/460 546/497/461
f 544/492/456 545/495/459 548/498/462 547/496/460
f 26/435/402 182/465/429 540/490/454 221/499/463
f 182/465/429 181/464/428 541/491/455 540/490/454
f 181/464/428 180/463/427 542/494/458 541/491/455
f 180/463/427 25/407/375 218/409/377 542/494/458
f 542/494/458 218/409/377 217/421/389 545/495/459
f 545/495/459 217/421/389 216/419/387 548/498/462
f 548/498/462 216/419/387 29/420/388 204/500/464
f 547/496/460 548/498/462 204/500/464 205/501/465
f 546/497/461 547/496/460 205/501/465 206/502/466
f 219/503/467 546/497/461 206/502/466 30/504/468
f 220/505/469 543/493/457 546/497/461 219/503/467
f 221/499/463 540/490/454 543/493/457 220/505/469
f 549/506/470 550/507/471 553/508/472 552/509/473
f 550/507/471 551/510/474 554/511/475 553/508/472
f 552/509/473 553/508/472 556/512/476 555/513/477
f 553/508/472 554/511/475 557/514/478 556/512/476
f 27/353/325 185/351/323 549/506/470 213/412/380
f 185/351/323 184/350/322 550/507/471 549/506/470
f 184/350/322 183/349/321 551/510/474 550/507/471
f 183/349/321 28/348/320 222/515/479 551/510/474
f 551/510/474 222/515/479 223/516/480 554/511/475
f 554/511/475 223/516/480 224/517/481 557/514/478
f 557/514/478 224/517/481 32/479/443 207/478/442
f 556/512/476 557/514/478 207/478/442 208/477/441
f 555/513/477 556/512/476 208/477/441 209/475/439
f 215/414/382 555/513/477 209/475/439 31/415/383
f 214/413/381 552/509/473 555/513/477 215/414/382
f 213/412/380 549/506/470 552/509/473 214/413/381
f 558/518/482 559/519/483 562/520/484 561/521/485
f 559/519/483 560/522/486 563/523/487 562/520/484
f 561/521/485 562/520/484 565/524/488 564/525/489
f 562/520/484 563/523/487 566/526/490 565/524/488
f 28/440/320 179/438/405 558/518/482 222/527/479
f 179/438/405 178/437/404 559/519/483 558/518/482
f 178/437/404 177/436/403 560/522/486 559/519/483
f 177/436/403 26/435/402 221/499/463 560/522/486
f 560/522/486 221/499/463 220/505/469 563/523/487
f 563/523/487 220/505/469 219/503/467 566/526/490
f 566/526/490 219/503/467 30/504/468 201/528/491
f 565/524/488 566/526/490 201/528/491 202/529/492
f 564/525/489 565/524/488 202/529/492 203/530/493
f 224/531/481 564/525/489 203/530/493 32/532/443
f 223/533/480 561/521/485 564/525/489 224/531/481
f 222/527/479 558/518/482 561/521/485 223/533/480
f 567/534/494 568/535/495 571/536/496 570/537/497
f 568/535/495 569/538/498 572/539/499 571/536/496
f 570/537/497 571/536/496 574/540/500 573/541/501
f 571/536/496 572/539/499 575/542/502 574/540/500
f 33/543/503 236/544/504 567/534/494 266/545/505
f 236/544/504 235/546/506 568/535/495 567/534/494
f 235/546/506 234/547/507 569/538/498 568/535/495
f 234/547/507 35/488/452 261/548/508 569/538/498
f 569/538/498 261/548/508 262/549/509 572/539/499
f 572/539/499 262/549/509 263/550/510 575/542/502
f 575/542/502 263/550/510 39/551/511 258/552/512
f 574/540/500 575/542/502 258/552/512 259/553/513
f 573/541/501 574/540/500 259/553/513 260/554/514
f 264/555/515 573/541/501 260/554/514 37/556/516
f 265/557/517 570/537/497 573/541/501 264/555/515
f 266/545/505 567/534/494 570/537/497 265/557/517
f 576/558/518 577/559/519 580/560/520 579/561/521
f 577/559/519 578/562/522 581/563/523 580/560/520
f 579/561/521 580/560/520 583/564/524 582/565/525
f 580/560/520 581/563/523 584/566/526 583/564/524
f 32/532/443 203/530/493 576/558/518 237/567/444
f 203/530/493 202/529/492 577/559/519 576/558/518
f 202/529/492 201/528/491 578/562/522 577/559/519
f 201/528/491 30/504/468 243/568/527 578/562/522
f 578/562/522 243/568/527 244/569/528 581/563/523
f 581/563/523 244/569/528 245/570/529 584/566/526
f 584/566/526 245/570/529 34/571/530 225/572/531
f 583/564/524 584/566/526 225/572/531 226/573/532
f 582/565/525 583/564/524 226/573/532 227/574/533
f 239/575/446 582/565/525 227/574/533 36/576/447
f 238/577/445 579/561/521 582/565/525 239/575/446
f 237/567/444 576/558/518 579/561/521 238/577/445
f 585/578/534 586/579/535 589/580/536 588/581/537
f 586/579/535 587/582/538 590/583/539 589/580/536
f 588/581/537 589/580/536 592/584/540 591/585/541
f 589/580/536 590/583/539 593/586/542 592/584/540
f 29/420/388 212/418/386 585/578/534 248/587/543
f 212/418/386 211/417/385 586/579/535 585/578/534
f 211/417/385 210/416/384 587/582/538 586/579/535
f 210/416/384 31/415/383 242/476/440 587/582/538
f 587/582/538 242/476/440 241/489/453 590/583/539
f 590/583/539 241/489/453 240/487/451 593/586/542
f 593/586/542 240/487/451 35/488/452 234/547/507
f 592/584/540 593/586/542 234/547/507 235/546/506
f 591/585/541 592/584/540 235/546/506 236/544/504
f 246/588/544 591/585/541 236/544/504 33/543/503
f 247/589/545 588/581/537 591/585/541 246/588/544
f 248/587/543 585/578/534 588/581/537 247/589/545
f 594/590/546 595/591/547 598/592/548 597/593/549
f 595/591/547 596/594/550 599/595/551 598/592/548
f 597/593/549 598/592/548 601/596/552 600/597/553
f 598/592/548 599/595/551 602/598/554 601/596/552
f 30/504/468 206/502/466 594/590/546 243/568/527
f 206/502/466 205/501/465 595/591/547 594/590/546
f 205/501/465 204/500/464 596/594/550 595/591/547
f 204/500/464 29/420/388 248/587/543 596/594/550
f 596/594/550 248/587/543 247/589/545 599/595/551
f 599/595/551 247/589/545 246/588/544 602/598/554
f 602/598/554 246/588/544 33/543/503 228/599/555
f 601/596/552 602/598/554 228/599/555 229/600/556
f 600/597/553 601/596/552 229/600/556 230/601/557
f 245/570/529 600/597/553 230/601/557 34/571/530
f 244/569/528 597/593/549 600/597/553 245/570/529
f 243/568/527 594/590/546 597/593/549 244/569/528
f 603/602/558 604/603/559 607/604/560 606/605/561
f 604/603/559 605/606/562 608/607/563 607/604/560
f 606/605/561 607/604/560 610/608/564 609/609/565
f 607/604/560 608/607/563 611/610/566 610/608/564
f 39/551/511 257/611/567 603/602/558 290/612/568
f 257/611/567 256/613/569 604/603/559 603/602/558
f 256/613/569 255/614/570 605/606/562 604/603/559
f 255/614/570 40/615/571 285/616/572 605/606/562
f 605/606/562 285/616/572 286/617/573 608/607/563
f 608/607/563 286/617/573 287/618/574 611/610/566
f 611/610/566 287/618/574 44/619/575 279/620/576
f 610/608/564 611/610/566 279/620/576 280/621/577
f 609/609/565 610/608/564 280/621/577 281/622/578
f 288/623/579 609/609/565 281/622/578 43/624/580
f 289/625/581 606/605/561 609/609/565 288/623/579
f 290/612/568 603/602/558 606/605/561 289/625/581
f 612/626/582 613/627/583 616/628/584 615/629/585
f 613/627/583 614/630/586 617/631/587 616/628/584
f 615/629/585 616/628/584 619/632/588 618/633/589
f 616/628/584 617/631/587 620/634/590 619/632/588
f 34/571/530 230/601/557 612/626/582 269/635/591
f 230/601/557 229/600/556 613/627/583 612/626/582
f 229/600/556 228/599/555 614/630/586 613/627/583
f 228/599/555 33/543/503 266/545/505 614/630/586
f 614/630/586 266/545/505 265/557/517 617/631/587
f 617/631/587 265/557/517 264/555/515 620/634/590
f 620/634/590 264/555/515 37/556/516 252/636/592
f 619/632/588 620/634/590 252/636/592 253/637/593
f 618/633/589 619/632/588 253/637/593 254/638/594
f 267/639/595 618/633/589 254/638/594 38/640/596
f 268/641/597 615/629/585 618/633/589 267/639/595
f 269/635/591 612/626/582 615/629/585 268/641/597
f 621/642/598 622/643/599 625/644/600 624/645/601
f 622/643/599 623/646/602 626/647/603 625/644/600
f 624/645/601 625/644/600 628/648/604 627/649/605
f 625/644/600 626/647/603 629/650/606 628/648/604
f 35/488/452 233/486/450 621/642/598 261/548/508
f 233/486/450 232/485/449 622/643/599 621/642/598
f 232/485/449 231/484/448 623/646/602 622/643/599
f 231/484/448 36/483/447 270/651/607 623/646/602
f 623/646/602 270/651/607 271/652/608 626/647/603
f 626/647/603 271/652/608 272/653/609 629/650/606
f 629/650/606 272/653/609 40/615/571 255/614/570
f 628/648/604 629/650/606 255/614/570 256/613/569
f 627/649/605 628/648/604 256/613/569 257/611/567
f 263/550/510 627/649/605 257/611/567 39/551/511
f 262/549/509 624/645/601 627/649/605 263/550/510
f 261/548/508 621/642/598 624/645/601 262/549/509
f 630/654/610 631/655/611 634/656/612 633/657/613
f 631/655/611 632/658/614 635/659/615 634/656/612
f 633/657/613 634/656/612 637/660/616 636/661/617
f 634/656/612 635/659/615 638/662/618 637/660/616
f 36/576/447 227/574/533 630/654/610 270/663/607
f 227/574/533 226/573/532 631/655/611 630/654/610
f 226/573/532 225/572/531 632/658/614 631/655/611
f 225/572/531 34/571/530 269/635/591 632/658/614
f 632/658/614 269/635/591 268/641/597 635/659/615
f 635/659/615 268/641/597 267/639/595 638/662/618
f 638/662/618 267/639/595 38/640/596 249/664/619
f 637/660/616 638/662/618 249/664/619 250/665/620
f 636/661/617 637/660/616 250/665/620 251/666/621
f 272/667/609 636/661/617 251/666/621 40/668/571
f 271/669/608 633/657/613 636/661/617 272/667/609
f 270/663/607 630/654/610 633/657/613 271/669/608
f 639/670/622 640/671/623 643/672/624 642/673/625
f 640/671/623 641/674/626 644/675/627 643/672/624
f 642/673/625 643/672/624 646/676/628 645/677/629
f 643/672/624 644/675/627 647/678/630 646/676/628
f 41/679/631 284/680/632 639/670/622 276/681/633
f 284/680/632 283/682/634 640/671/623 639/670/622
f 283/682/634 282/683/635 641/674/626 640/671/623
f 282/683/635 43/684/580 281/685/578 641/674/626
f 641/674/626 281/685/578 280/686/577 644/675/627
f 644/675/627 280/686/577 279/687/576 647/678/630
f 647/678/630 279/687/576 44/688/575 275/689/636
f 646/676/628 647/678/630 275/689/636 274/690/637
f 645/677/629 646/676/628 274/690/637 273/691/638
f 278/692/639 645/677/629 273/691/638 42/693/640
f 277/694/641 642/673/625 645/677/629 278/692/639
f 276/681/633 639/670/622 642/673/625 277/694/641
f 648/695/642 649/696/643 652/697/644 651/698/645
f 649/696/643 650/699/646 653/700/647 652/697/644
f 651/698/645 652/697/644 655/701/648 654/702/649
f 652/697/644 653/700/647 656/703/650 655/701/648
f 40/668/571 251/666/621 648/695/642 285/704/572
f 251/666/621 250/665/620 649/696/643 648/695/642
f 250/665/620 249/664/619 650/699/646 649/696/643
f 249/664/619 38/640/596 291/705/651 650/699/646
f 650/699/646 291/705/651 292/706/652 653/700/647
f 653/700/647 292/706/652 293/707/653 656/703/650
f 656/703/650 293/707/653 42/693/640 273/708/638
f 655/701/648 656/703/650 273/708/638 274/709/637
f 654/702/649 655/701/648 274/709/637 275/710/636
f 287/711/574 654/702/649 275/710/636 44/712/575
f 286/713/573 651/698/645 654/702/649 287/711/574
f 285/704/572 648/695/642 651/698/645 286/713/573
f 657/714/654 658/715/655 661/716/656 660/717/657
f 658/715/655 659/718/658 662/719/659 661/716/656
f 660/717/657 661/716/656 664/720/660 663/721/661
f 661/716/656 662/719/659 665/722/662 664/720/660
f 37/556/516 260/554/514 657/714/654 296/723/663
f 260/554/514 259/553/513 658/715/655 657/714/654
f 259/553/513 258/552/512 659/718/658 658/715/655
f 258/552/512 39/551/511 290/612/568 659/718/658
f 659/718/658 290/612/568 289/625/581 662/719/659
f 662/719/659 289/625/581 288/623/579 665/722/662
f 665/722/662 288/623/579 43/624/580 282/724/635
f 664/720/660 665/722/662 282/724/635 283/725/634
f 663/721/661 664/720/660 283/725/634 284/726/632
f 294/727/664 663/721/661 284/726/632 41/679/631
f 295/728/665 660/717/657 663/721/661 294/727/664
f 296/723/663 657/714/654 660/717/657 295/728/665
f 666/729/666 667/730/667 670/731/668 669/732/669
f 667/730/667 668/733/670 671/734/671 670/731/668
f 669/732/669 670/731/668 673/735/672 672/736/673
f 670/731/668 671/734/671 674/737/674 673/735/672
f 38/640/596 254/638/594 666/729/666 291/705/651
f 254/638/594 253/637/593 667/730/667 666/729/666
f 253/637/593 252/636/592 668/733/670 667/730/667
f 252/636/592 37/556/516 296/723/663 668/733/670
f 668/733/670 296/723/663 295/728/665 671/734/671
f 671/734/671 295/728/665 294/727/664 674/737/674
f 674/737/674 294/727/664 41/679/631 276/681/633
f 673/735/672 674/737/674 276/681/633 277/694/641
f 672/736/673 673/735/672 277/694/641 278/692/639
f 293/707/653 672/736/673 278/692/639 42/693/640
f 292/706/652 669/732/669 672/736/673 293/707/653
f 291/705/651 666/729/666 669/732/669 292/706/652
