# Blender v2.93.4 OBJ File: 'StalagnietenLOD.blend'
# www.blender.org
mtllib Stalagnite2.2.mtl
o Cube.002_Cube.003
v -0.205470 -3.583344 0.316734
v -0.244444 -2.243458 0.516518
v -0.205470 -3.583344 -0.683266
v -0.244444 -2.243458 -0.816816
v 0.794530 -3.583344 0.316734
v 1.088889 -2.243458 0.516518
v 0.794530 -3.583344 -0.683266
v 1.088889 -2.243458 -0.816816
v 0.013483 -1.022755 0.568757
v 0.013483 -1.022756 -0.764577
v 1.346817 -1.022755 -0.764577
v 1.346817 -1.022755 0.568757
v -0.821546 0.071669 0.102558
v -0.821546 0.071669 -1.230775
v 0.511787 0.071669 -1.230775
v 0.511787 0.071669 0.102558
v -0.933075 1.007962 -0.388044
v -0.933075 1.007961 -1.721377
v 0.400259 1.007961 -1.721377
v 0.400259 1.007962 -0.388044
v -1.070196 1.945089 0.871790
v -1.070196 1.945089 -0.416193
v 0.217787 1.945089 -0.416193
v 0.217787 1.945089 0.871790
v -0.974261 2.781326 2.036242
v -0.974261 2.781326 1.009606
v 0.052375 2.781326 1.009606
v 0.052375 2.781326 2.036242
v -0.786548 3.802197 1.965402
v -0.786548 3.802198 1.303900
v -0.125046 3.802198 1.303900
v -0.125046 3.802197 1.965402
v -0.721973 4.599978 1.216265
v -0.721973 4.599978 0.705895
v -0.211603 4.599977 0.705895
v -0.211603 4.599977 1.216265
v -0.623239 5.056834 0.486078
v -0.623239 5.056834 0.263467
v -0.400628 5.056834 0.263467
v -0.400628 5.056834 0.486078
v -0.278402 -3.656276 -0.479916
v -0.315038 -3.692912 -0.183266
v -0.278402 -3.656277 0.113384
v -0.279976 -3.374587 0.393753
v -0.327625 -3.040087 0.458991
v -0.314698 -2.642983 0.493804
v -0.431944 -2.243458 0.214434
v -0.494444 -2.243458 -0.150149
v -0.431944 -2.243458 -0.514732
v -0.314698 -2.642983 -0.832393
v -0.327626 -3.040087 -0.817243
v -0.279976 -3.374587 -0.759250
v 0.591180 -3.656277 -0.756198
v 0.294530 -3.692912 -0.792834
v -0.002120 -3.656277 -0.756199
v 0.057639 -2.243458 -1.004316
v 0.422223 -2.243458 -1.066816
v 0.786806 -2.243458 -1.004316
v 1.011498 -2.642983 -0.832393
v 0.948609 -3.040087 -0.817243
v 0.873027 -3.374587 -0.759250
v 0.867463 -3.656277 0.113384
v 0.904098 -3.692912 -0.183266
v 0.867463 -3.656276 -0.479916
v 1.276389 -2.243458 -0.514732
v 1.338889 -2.243458 -0.150149
v 1.276389 -2.243458 0.214434
v 1.011499 -2.642983 0.493804
v 0.948609 -3.040087 0.458991
v 0.873027 -3.374587 0.393753
v -0.002120 -3.656277 0.389667
v 0.294530 -3.692912 0.426302
v 0.591180 -3.656277 0.389667
v 0.786806 -2.243458 0.704018
v 0.422223 -2.243458 0.766518
v 0.057639 -2.243458 0.704018
v -0.174017 -1.022755 0.266673
v -0.236517 -1.022756 -0.097910
v -0.174017 -1.022755 -0.462493
v 0.315566 -1.022755 -0.952077
v 0.680150 -1.022755 -1.014577
v 1.044733 -1.022755 -0.952077
v 1.534316 -1.022755 -0.462493
v 1.596817 -1.022755 -0.097910
v 1.534316 -1.022755 0.266673
v 1.044733 -1.022755 0.756257
v 0.680150 -1.022756 0.818757
v 0.315567 -1.022755 0.756257
v -0.132674 -1.890731 0.545276
v -0.020665 -1.581042 0.572723
v 0.043936 -1.297385 0.585127
v 0.043936 -1.297385 -0.748207
v -0.020665 -1.581042 -0.760611
v -0.132674 -1.890731 -0.788057
v 1.200660 -1.890731 0.545276
v 1.312669 -1.581042 0.572723
v 1.377270 -1.297385 0.585127
v 1.377269 -1.297385 -0.748207
v 1.312669 -1.581042 -0.760611
v 1.200660 -1.890731 -0.788057
v -1.009046 0.071669 -0.199525
v -1.071546 0.071669 -0.564108
v -1.009046 0.071669 -0.928692
v -0.519463 0.071669 -1.418275
v -0.154880 0.071669 -1.480775
v 0.209704 0.071669 -1.418275
v 0.699287 0.071669 -0.928692
v 0.761787 0.071669 -0.564108
v 0.699287 0.071669 -0.199525
v 0.209704 0.071669 0.290058
v -0.154880 0.071669 0.352558
v -0.519463 0.071669 0.290058
v -0.141073 -0.744116 0.512408
v -0.374389 -0.464298 0.414977
v -0.622527 -0.190103 0.277887
v -0.622527 -0.190103 -1.055447
v -0.374389 -0.464298 -0.918356
v -0.141073 -0.744116 -0.820925
v 1.192261 -0.744115 0.512408
v 0.958944 -0.464298 0.414977
v 0.710807 -0.190103 0.277887
v 0.710807 -0.190103 -1.055447
v 0.958944 -0.464298 -0.918356
v 1.192261 -0.744115 -0.820925
v -1.120575 1.007961 -0.690127
v -1.183075 1.007961 -1.054711
v -1.120575 1.007961 -1.419294
v -0.630991 1.007961 -1.908877
v -0.266408 1.007962 -1.971377
v 0.098175 1.007961 -1.908877
v 0.587759 1.007961 -1.419294
v 0.650259 1.007962 -1.054711
v 0.587759 1.007961 -0.690127
v 0.098176 1.007961 -0.200544
v -0.266408 1.007962 -0.138044
v -0.630991 1.007961 -0.200544
v 0.408866 0.316553 -0.100762
v 0.381183 0.549423 -0.286541
v 0.390921 0.777489 -0.400421
v -0.942413 0.777489 -0.400421
v -0.952150 0.549423 -0.286541
v -0.924468 0.316553 -0.100762
v -0.924468 0.316553 -1.434096
v -0.952150 0.549423 -1.619875
v -0.942413 0.777489 -1.733754
v 0.390920 0.777489 -1.733754
v 0.381183 0.549423 -1.619875
v 0.408866 0.316553 -1.434096
v -1.251319 1.945089 0.579982
v -1.311693 1.945089 0.227799
v -1.251319 1.945089 -0.124384
v -0.778387 1.945089 -0.597315
v -0.426205 1.945089 -0.657690
v -0.074022 1.945089 -0.597315
v 0.398910 1.945089 -0.124384
v 0.459284 1.945089 0.227799
v 0.398910 1.945089 0.579982
v -0.074022 1.945089 1.052913
v -0.426205 1.945089 1.113287
v -0.778387 1.945089 1.052913
v 0.379825 1.245658 -1.545481
v 0.334031 1.485835 -1.237179
v 0.275733 1.721357 -0.844680
v 0.275733 1.721357 0.469521
v 0.334031 1.485835 0.090486
v 0.379825 1.245658 -0.212856
v -0.952799 1.245658 -0.212856
v -0.993634 1.485835 0.090486
v -1.038469 1.721357 0.469521
v -1.038469 1.721357 -0.844680
v -0.993634 1.485835 -1.237179
v -0.952799 1.245658 -1.545481
v -1.118632 2.781326 1.803644
v -1.166756 2.781326 1.522924
v -1.118632 2.781327 1.242203
v -0.741664 2.781326 0.865235
v -0.460943 2.781327 0.817111
v -0.180222 2.781326 0.865235
v 0.196746 2.781326 1.242203
v 0.244869 2.781327 1.522923
v 0.196746 2.781326 1.803644
v -0.180222 2.781327 2.180613
v -0.460943 2.781326 2.228736
v -0.741664 2.781326 2.180612
v 0.170015 2.153050 0.005014
v 0.130095 2.353880 0.395429
v 0.092668 2.559374 0.736484
v 0.092668 2.559374 1.850437
v 0.130095 2.353880 1.582719
v 0.170015 2.153050 1.250649
v -1.075620 2.153050 1.250649
v -1.057194 2.353880 1.582719
v -1.021286 2.559374 1.850437
v -1.021286 2.559374 0.736484
v -1.057194 2.353880 0.395429
v -1.075620 2.153050 0.005014
v -0.879571 3.802197 1.815530
v -0.910579 3.802197 1.634651
v -0.879571 3.802197 1.453771
v -0.636676 3.802197 1.210876
v -0.455797 3.802197 1.179868
v -0.274917 3.802197 1.210876
v -0.032022 3.802197 1.453771
v -0.001014 3.802197 1.634651
v -0.032022 3.802197 1.815530
v -0.274917 3.802197 2.058425
v -0.455797 3.802197 2.089433
v -0.636676 3.802197 2.058425
v 0.005727 3.027354 2.128138
v -0.043294 3.288358 2.136400
v -0.088835 3.551064 2.076874
v -0.823497 3.551064 2.076874
v -0.870357 3.288358 2.136400
v -0.922240 3.027353 2.128137
v -0.922240 3.027353 1.200170
v -0.870357 3.288358 1.309338
v -0.823497 3.551064 1.342212
v -0.088835 3.551064 1.342212
v -0.043294 3.288358 1.309338
v 0.005727 3.027353 1.200170
v -0.793744 4.599977 1.100634
v -0.817667 4.599977 0.961080
v -0.793744 4.599977 0.821526
v -0.606342 4.599978 0.634124
v -0.466788 4.599978 0.610201
v -0.327234 4.599977 0.634124
v -0.139832 4.599978 0.821526
v -0.115908 4.599978 0.961080
v -0.139832 4.599977 1.100634
v -0.327234 4.599977 1.288036
v -0.466788 4.599978 1.311960
v -0.606342 4.599977 1.288036
v -0.148450 4.031207 1.202084
v -0.165075 4.238453 1.054761
v -0.183325 4.427014 0.882506
v -0.183325 4.427014 1.435280
v -0.165075 4.238453 1.637412
v -0.148450 4.031207 1.816254
v -0.762621 4.031208 1.816254
v -0.747726 4.238452 1.637411
v -0.736098 4.427014 1.435280
v -0.736098 4.427015 0.882506
v -0.747726 4.238452 1.054761
v -0.762621 4.031208 1.202084
v -0.635399 5.077425 0.411309
v -0.640960 5.087768 0.332505
v -0.635399 5.077425 0.281967
v -0.579459 5.077425 0.226027
v -0.516222 5.087768 0.207767
v -0.450117 5.077425 0.226027
v -0.394177 5.077425 0.281967
v -0.391483 5.087768 0.332505
v -0.394177 5.077425 0.411309
v -0.450117 5.077425 0.467248
v -0.516222 5.087768 0.457244
v -0.579459 5.077425 0.467248
v -0.701048 4.758201 0.989661
v -0.674872 4.893640 0.776310
v -0.646684 4.996670 0.599195
v -0.646684 4.996670 0.313583
v -0.674872 4.893640 0.409733
v -0.701048 4.758201 0.543981
v -0.255368 4.758201 0.989661
v -0.308296 4.893640 0.776310
v -0.361072 4.996670 0.599195
v -0.361072 4.996670 0.313583
v -0.308296 4.893640 0.409733
v -0.255368 4.758201 0.543981
v -0.436985 -3.394769 0.135374
v -0.507506 -3.045488 0.169736
v -0.501245 -2.643658 0.193324
v -0.490126 -3.412427 -0.182748
v -0.567595 -3.050889 -0.179126
v -0.563444 -2.644333 -0.169295
v -0.436986 -3.394769 -0.500871
v -0.507506 -3.045488 -0.527988
v -0.501245 -2.643658 -0.531913
v -0.021597 -3.394769 -0.916259
v -0.038370 -3.045488 -0.997124
v -0.014218 -2.643658 -1.018940
v 0.296526 -3.412427 -0.969400
v 0.310492 -3.050889 -1.057213
v 0.348400 -2.644333 -1.081139
v 0.614648 -3.394769 -0.916259
v 0.659354 -3.045488 -0.997124
v 0.711019 -2.643658 -1.018940
v 1.030037 -3.394769 -0.500871
v 1.128490 -3.045488 -0.527988
v 1.198046 -2.643658 -0.531913
v 1.083177 -3.412427 -0.182748
v 1.188578 -3.050889 -0.179126
v 1.260245 -2.644333 -0.169295
v 1.030037 -3.394769 0.135374
v 1.128490 -3.045488 0.169736
v 1.198046 -2.643658 0.193324
v 0.614648 -3.394769 0.550763
v 0.659354 -3.045488 0.638872
v 0.711019 -2.643658 0.680351
v 0.296526 -3.412427 0.603903
v 0.310492 -3.050889 0.698960
v 0.348400 -2.644333 0.742550
v -0.021597 -3.394769 0.550763
v -0.038370 -3.045488 0.638872
v -0.014218 -2.643658 0.680351
v -0.021627 -3.812334 -0.499423
v 0.294530 -3.865173 -0.516406
v 0.610687 -3.812334 -0.499423
v -0.038610 -3.865172 -0.183266
v 0.294530 -3.922850 -0.183266
v 0.627671 -3.865173 -0.183266
v -0.021627 -3.812334 0.132891
v 0.294530 -3.865173 0.149875
v 0.610687 -3.812334 0.132891
v -0.320174 -1.890731 -0.485974
v -0.382674 -1.890731 -0.121390
v -0.320174 -1.890731 0.243193
v -0.208165 -1.581042 -0.458527
v -0.270665 -1.581042 -0.093944
v -0.208165 -1.581042 0.270639
v -0.143564 -1.297385 -0.446124
v -0.206064 -1.297385 -0.081540
v -0.143564 -1.297385 0.283043
v -0.328573 -0.744116 -0.518842
v -0.391073 -0.744116 -0.154259
v -0.328573 -0.744116 0.210325
v -0.561889 -0.464298 -0.616273
v -0.624389 -0.464298 -0.251690
v -0.561889 -0.464298 0.112894
v -0.810027 -0.190103 -0.753364
v -0.872527 -0.190103 -0.388780
v -0.810027 -0.190103 -0.024197
v 0.169410 -1.890731 0.732776
v 0.533993 -1.890731 0.795276
v 0.898576 -1.890731 0.732776
v 0.281419 -1.581042 0.760223
v 0.646002 -1.581042 0.822723
v 1.010585 -1.581042 0.760223
v 0.346020 -1.297385 0.772627
v 0.710603 -1.297385 0.835127
v 1.075186 -1.297385 0.772627
v 0.898576 -1.890731 -0.975557
v 0.533993 -1.890731 -1.038057
v 0.169410 -1.890731 -0.975557
v 1.010585 -1.581042 -0.948111
v 0.646002 -1.581042 -1.010611
v 0.281419 -1.581042 -0.948111
v 1.075186 -1.297385 -0.935707
v 0.710603 -1.297385 -0.998207
v 0.346020 -1.297385 -0.935707
v 1.388160 -1.890731 0.243193
v 1.450660 -1.890731 -0.121390
v 1.388160 -1.890731 -0.485974
v 1.500168 -1.581042 0.270639
v 1.562669 -1.581042 -0.093944
v 1.500169 -1.581042 -0.458527
v 1.564770 -1.297385 0.283043
v 1.627270 -1.297385 -0.081540
v 1.564770 -1.297385 -0.446124
v -0.622384 0.316553 0.086738
v -0.257801 0.316553 0.149238
v 0.106782 0.316553 0.086738
v -0.650067 0.549423 -0.099041
v -0.285484 0.549423 -0.036541
v 0.079100 0.549423 -0.099041
v -0.640330 0.777489 -0.212921
v -0.275746 0.777489 -0.150421
v 0.088837 0.777489 -0.212921
v 0.161011 -0.744116 0.699908
v 0.525594 -0.744115 0.762408
v 0.890177 -0.744116 0.699908
v -0.072306 -0.464298 0.602477
v 0.292278 -0.464298 0.664977
v 0.656861 -0.464298 0.602477
v -0.320443 -0.190103 0.465387
v 0.044140 -0.190103 0.527887
v 0.408723 -0.190103 0.465387
v 0.890178 -0.744116 -1.008426
v 0.525594 -0.744116 -1.070925
v 0.161011 -0.744116 -1.008426
v 0.656861 -0.464298 -1.105856
v 0.292278 -0.464298 -1.168356
v -0.072306 -0.464298 -1.105856
v 0.408723 -0.190103 -1.242947
v 0.044140 -0.190103 -1.305447
v -0.320443 -0.190103 -1.242947
v 1.379761 -0.744116 0.210325
v 1.442261 -0.744116 -0.154259
v 1.379761 -0.744116 -0.518842
v 1.146444 -0.464298 0.112894
v 1.208944 -0.464298 -0.251690
v 1.146444 -0.464298 -0.616273
v 0.898307 -0.190103 -0.024197
v 0.960807 -0.190103 -0.388780
v 0.898307 -0.190103 -0.753363
v 0.567226 1.245658 -0.514779
v 0.629693 1.245658 -0.879168
v 0.567226 1.245658 -1.243558
v 0.520734 1.485835 -0.210313
v 0.582968 1.485835 -0.573346
v 0.520734 1.485835 -0.936380
v 0.460542 1.721357 0.171773
v 0.522145 1.721357 -0.187579
v 0.460542 1.721357 -0.546931
v 0.106782 0.316553 -1.621596
v -0.257801 0.316553 -1.684096
v -0.622384 0.316553 -1.621596
v 0.079100 0.549423 -1.807375
v -0.285484 0.549423 -1.869875
v -0.650067 0.549423 -1.807375
v 0.088837 0.777489 -1.921254
v -0.275746 0.777489 -1.983754
v -0.640330 0.777489 -1.921254
v 0.596366 0.316553 -0.402846
v 0.658866 0.316553 -0.767429
v 0.596366 0.316553 -1.132012
v 0.568683 0.549423 -0.588625
v 0.631183 0.549423 -0.953208
v 0.568683 0.549423 -1.317791
v 0.578420 0.777489 -0.702504
v 0.640921 0.777489 -1.067088
v 0.578420 0.777489 -1.431671
v -1.111968 0.316553 -1.132013
v -1.174468 0.316553 -0.767429
v -1.111968 0.316553 -0.402846
v -1.139650 0.549423 -1.317791
v -1.202150 0.549423 -0.953208
v -1.139650 0.549423 -0.588625
v -1.129913 0.777489 -1.431671
v -1.192413 0.777489 -1.067088
v -1.129913 0.777489 -0.702504
v 0.345183 2.153050 0.968435
v 0.403572 2.153050 0.627831
v 0.345183 2.153050 0.287228
v 0.297058 2.353880 1.313724
v 0.352712 2.353879 0.989074
v 0.297058 2.353880 0.664425
v 0.249318 2.559374 1.598057
v 0.301534 2.559374 1.293460
v 0.249318 2.559374 0.988864
v -1.140200 1.245658 -1.243558
v -1.202667 1.245658 -0.879168
v -1.140200 1.245658 -0.514779
v -1.180336 1.485835 -0.936380
v -1.242571 1.485835 -0.573346
v -1.180336 1.485835 -0.210313
v -1.223278 1.721357 -0.546931
v -1.284882 1.721357 -0.187579
v -1.223278 1.721357 0.171773
v -0.650877 1.245658 -0.025455
v -0.286487 1.245658 0.037011
v 0.077903 1.245658 -0.025455
v -0.692835 1.485835 0.277189
v -0.329801 1.485835 0.339423
v 0.033232 1.485835 0.277189
v -0.740720 1.721357 0.654331
v -0.381368 1.721357 0.715934
v -0.022016 1.721357 0.654331
v 0.077903 1.245658 -1.732881
v -0.286487 1.245658 -1.795348
v -0.650877 1.245658 -1.732881
v 0.033232 1.485835 -1.423882
v -0.329801 1.485835 -1.486116
v -0.692835 1.485835 -1.423882
v -0.022016 1.721357 -1.029490
v -0.381368 1.721357 -1.091093
v -0.740720 1.721357 -1.029490
v -0.711998 3.027353 2.258633
v -0.458257 3.027354 2.302131
v -0.204516 3.027353 2.258633
v -0.682975 3.288358 2.252706
v -0.456825 3.288358 2.291475
v -0.230675 3.288358 2.252706
v -0.657050 3.551064 2.180186
v -0.456166 3.551064 2.214623
v -0.255282 3.551064 2.180186
v -1.250787 2.153050 0.287228
v -1.309177 2.153050 0.627831
v -1.250787 2.153050 0.968435
v -1.224157 2.353880 0.664425
v -1.279811 2.353880 0.989074
v -1.224157 2.353880 1.313724
v -1.177936 2.559374 0.988864
v -1.230152 2.559373 1.293460
v -1.177936 2.559374 1.598057
v -0.793406 2.153050 1.425817
v -0.452802 2.153050 1.484206
v -0.112199 2.153050 1.425817
v -0.788199 2.353880 1.749682
v -0.463550 2.353880 1.805336
v -0.138900 2.353880 1.749681
v -0.768906 2.559373 2.007087
v -0.464309 2.559374 2.059303
v -0.159712 2.559374 2.007087
v -0.112199 2.153050 -0.170154
v -0.452802 2.153050 -0.228543
v -0.793406 2.153050 -0.170154
v -0.138900 2.353880 0.228467
v -0.463550 2.353879 0.172813
v -0.788199 2.353880 0.228467
v -0.159712 2.559374 0.579834
v -0.464309 2.559374 0.527617
v -0.768906 2.559374 0.579834
v -0.062082 4.031207 1.677106
v -0.033293 4.031208 1.509169
v -0.062082 4.031208 1.341232
v -0.083140 4.238451 1.505405
v -0.055828 4.238452 1.346086
v -0.083140 4.238452 1.186768
v -0.105591 4.427015 1.310042
v -0.079680 4.427014 1.158893
v -0.105591 4.427015 1.007744
v -0.204516 3.027353 1.069675
v -0.458257 3.027353 1.026176
v -0.711998 3.027353 1.069675
v -0.230675 3.288358 1.193032
v -0.456825 3.288358 1.154263
v -0.682975 3.288357 1.193032
v -0.255282 3.551064 1.238900
v -0.456166 3.551064 1.204463
v -0.657050 3.551064 1.238900
v 0.136222 3.027353 1.917895
v 0.179721 3.027353 1.664154
v 0.136222 3.027353 1.410413
v 0.073012 3.288358 1.949019
v 0.111780 3.288358 1.722869
v 0.073012 3.288357 1.496719
v 0.014476 3.551064 1.910427
v 0.048914 3.551064 1.709543
v 0.014476 3.551064 1.508659
v -1.052736 3.027353 1.410413
v -1.096234 3.027353 1.664154
v -1.052736 3.027353 1.917895
v -0.986662 3.288358 1.496719
v -1.025431 3.288358 1.722869
v -0.986662 3.288358 1.949019
v -0.926809 3.551064 1.508659
v -0.961246 3.551064 1.709543
v -0.926809 3.551064 1.910427
v -0.763582 4.758391 0.644651
v -0.784392 4.758582 0.766300
v -0.763582 4.758391 0.888471
v -0.725302 4.895164 0.490350
v -0.741835 4.896689 0.588854
v -0.725302 4.895164 0.691526
v -0.682321 5.002368 0.369080
v -0.693501 5.007353 0.441791
v -0.682321 5.002367 0.528127
v -0.848988 4.031208 1.341232
v -0.877778 4.031208 1.509169
v -0.848988 4.031208 1.677106
v -0.829661 4.238452 1.186768
v -0.856973 4.238452 1.346086
v -0.829661 4.238452 1.505405
v -0.813832 4.427014 1.007744
v -0.839743 4.427014 1.158893
v -0.813832 4.427014 1.310042
v -0.623472 4.031208 1.902622
v -0.455535 4.031208 1.931412
v -0.287598 4.031208 1.902623
v -0.615719 4.238452 1.719347
v -0.456400 4.238452 1.746659
v -0.297082 4.238452 1.719347
v -0.610860 4.427014 1.513013
v -0.459711 4.427015 1.538925
v -0.308562 4.427014 1.513013
v -0.287598 4.031207 1.115716
v -0.455535 4.031208 1.086927
v -0.623473 4.031208 1.115716
v -0.297082 4.238451 0.972826
v -0.456400 4.238452 0.945514
v -0.615719 4.238452 0.972826
v -0.308562 4.427015 0.804772
v -0.459711 4.427014 0.778861
v -0.610860 4.427015 0.804773
v -0.459399 5.121483 0.224939
v -0.522964 5.136401 0.204013
v -0.582393 5.121483 0.224939
v -0.460925 5.136401 0.266052
v -0.525221 5.152684 0.243802
v -0.585003 5.136401 0.266052
v -0.459399 5.121483 0.347933
v -0.522964 5.136400 0.328091
v -0.582392 5.121482 0.347933
v -0.600144 4.758391 1.051908
v -0.478261 4.758582 1.072432
v -0.356324 4.758391 1.051908
v -0.592384 4.895164 0.824445
v -0.492007 4.896689 0.838683
v -0.391207 4.895164 0.824445
v -0.584191 5.002368 0.626257
v -0.505359 5.007353 0.629934
v -0.425144 5.002367 0.626257
v -0.356324 4.758391 0.481213
v -0.478261 4.758582 0.460169
v -0.600144 4.758391 0.481213
v -0.391207 4.895164 0.357431
v -0.492007 4.896689 0.339026
v -0.592384 4.895164 0.357431
v -0.425144 5.002368 0.270950
v -0.505359 5.007353 0.253649
v -0.584191 5.002367 0.270950
v -0.192886 4.758391 0.888471
v -0.172129 4.758582 0.766300
v -0.192886 4.758391 0.644651
v -0.258289 4.895164 0.691526
v -0.242178 4.896690 0.588854
v -0.258289 4.895164 0.490350
v -0.327014 5.002368 0.528127
v -0.317216 5.007353 0.441791
v -0.327014 5.002367 0.369080
vt 0.437188 0.062500
vt 0.497504 0.062500
vt 0.495660 0.125000
vt 0.436957 0.125000
vt 0.553155 0.062500
vt 0.547418 0.125000
vt 0.494900 0.187500
vt 0.436863 0.187500
vt 0.545234 0.187500
vt 0.375000 0.000000
vt 0.437500 0.000000
vt 0.375000 0.062500
vt 0.500000 0.000000
vt 0.562500 0.000000
vt 0.625000 0.000000
vt 0.595920 0.062500
vt 0.586806 0.125000
vt 0.583767 0.187500
vt 0.583333 0.250000
vt 0.544922 0.250000
vt 0.494792 0.250000
vt 0.436849 0.250000
vt 0.375000 0.187500
vt 0.375000 0.250000
vt 0.375000 0.125000
vt 0.436849 0.312500
vt 0.494792 0.312500
vt 0.494792 0.375000
vt 0.436849 0.375000
vt 0.544922 0.312500
vt 0.544922 0.375000
vt 0.494792 0.437500
vt 0.436849 0.437500
vt 0.544922 0.437500
vt 0.375000 0.312500
vt 0.583333 0.312500
vt 0.583333 0.375000
vt 0.583333 0.437500
vt 0.583333 0.500000
vt 0.544922 0.500000
vt 0.494792 0.500000
vt 0.436849 0.500000
vt 0.375000 0.437500
vt 0.375000 0.500000
vt 0.375000 0.375000
vt 0.436849 0.562500
vt 0.494792 0.562500
vt 0.494792 0.625000
vt 0.436849 0.625000
vt 0.544922 0.562500
vt 0.544922 0.625000
vt 0.494792 0.687500
vt 0.436849 0.687500
vt 0.544922 0.687500
vt 0.375000 0.562500
vt 0.583333 0.562500
vt 0.583333 0.625000
vt 0.583333 0.687500
vt 0.583333 0.750000
vt 0.544922 0.750000
vt 0.494792 0.750000
vt 0.436849 0.750000
vt 0.375000 0.687500
vt 0.375000 0.750000
vt 0.375000 0.625000
vt 0.436863 0.812500
vt 0.494900 0.812500
vt 0.495660 0.875000
vt 0.436957 0.875000
vt 0.545234 0.812500
vt 0.547418 0.875000
vt 0.497504 0.937500
vt 0.437188 0.937500
vt 0.553155 0.937500
vt 0.375000 0.812500
vt 0.583767 0.812500
vt 0.586806 0.875000
vt 0.595920 0.937500
vt 0.625000 1.000000
vt 0.562500 1.000000
vt 0.500000 1.000000
vt 0.437500 1.000000
vt 0.375000 0.937500
vt 0.375000 1.000000
vt 0.375000 0.875000
vt 0.187500 0.562500
vt 0.250000 0.562500
vt 0.250000 0.625000
vt 0.187500 0.625000
vt 0.312500 0.562500
vt 0.312500 0.625000
vt 0.250000 0.687500
vt 0.187500 0.687500
vt 0.312500 0.687500
vt 0.125000 0.500000
vt 0.187500 0.500000
vt 0.125000 0.562500
vt 0.250000 0.500000
vt 0.312500 0.500000
vt 0.312500 0.750000
vt 0.250000 0.750000
vt 0.187500 0.750000
vt 0.125000 0.687500
vt 0.125000 0.750000
vt 0.125000 0.625000
vt 0.607734 0.187500
vt 0.609918 0.125000
vt 0.620660 0.125000
vt 0.619900 0.187500
vt 0.615655 0.062500
vt 0.622504 0.062500
vt 0.624458 0.125000
vt 0.624363 0.187500
vt 0.624688 0.062500
vt 0.607422 0.250000
vt 0.625000 0.000000
vt 0.625000 0.000000
vt 0.625000 0.000000
vt 0.625000 0.000000
vt 0.625000 0.062500
vt 0.625000 0.125000
vt 0.625000 0.187500
vt 0.624349 0.250000
vt 0.625000 0.250000
vt 0.619792 0.250000
vt 0.625000 0.187500
vt 0.625000 0.125000
vt 0.625000 0.125000
vt 0.625000 0.187500
vt 0.625000 0.062500
vt 0.625000 0.062500
vt 0.625000 0.125000
vt 0.625000 0.187500
vt 0.625000 0.062500
vt 0.625000 0.250000
vt 0.625000 0.000000
vt 0.625000 0.000000
vt 0.625000 0.000000
vt 0.625000 0.000000
vt 0.625000 0.062500
vt 0.625000 0.125000
vt 0.625000 0.187500
vt 0.625000 0.250000
vt 0.625000 0.250000
vt 0.625000 0.250000
vt 0.615655 0.937500
vt 0.609918 0.875000
vt 0.620660 0.875000
vt 0.622504 0.937500
vt 0.607734 0.812500
vt 0.619900 0.812500
vt 0.624457 0.875000
vt 0.624688 0.937500
vt 0.624363 0.812500
vt 0.625000 1.000000
vt 0.607422 0.750000
vt 0.619792 0.750000
vt 0.624349 0.750000
vt 0.625000 0.750000
vt 0.625000 0.812500
vt 0.625000 0.875000
vt 0.625000 0.937500
vt 0.625000 1.000000
vt 0.625000 1.000000
vt 0.625000 1.000000
vt 0.607422 0.437500
vt 0.607422 0.375000
vt 0.619792 0.375000
vt 0.619792 0.437500
vt 0.607422 0.312500
vt 0.619792 0.312500
vt 0.624349 0.375000
vt 0.624349 0.437500
vt 0.624349 0.312500
vt 0.607422 0.500000
vt 0.625000 0.312500
vt 0.625000 0.375000
vt 0.625000 0.437500
vt 0.624349 0.500000
vt 0.625000 0.500000
vt 0.619792 0.500000
vt 0.607422 0.687500
vt 0.607422 0.625000
vt 0.619792 0.625000
vt 0.619792 0.687500
vt 0.607422 0.562500
vt 0.619792 0.562500
vt 0.624349 0.625000
vt 0.624349 0.687500
vt 0.624349 0.562500
vt 0.625000 0.562500
vt 0.625000 0.625000
vt 0.625000 0.687500
vt 0.625000 0.937500
vt 0.625000 0.875000
vt 0.625000 0.875000
vt 0.625000 0.937500
vt 0.625000 0.812500
vt 0.625000 0.812500
vt 0.625000 0.875000
vt 0.625000 0.937500
vt 0.625000 0.812500
vt 0.625000 1.000000
vt 0.625000 0.937500
vt 0.625000 1.000000
vt 0.625000 0.875000
vt 0.625000 0.812500
vt 0.625000 0.750000
vt 0.625000 0.750000
vt 0.625000 0.750000
vt 0.625000 0.750000
vt 0.625000 0.750000
vt 0.625000 0.812500
vt 0.625000 0.875000
vt 0.625000 0.937500
vt 0.625000 1.000000
vt 0.625000 1.000000
vt 0.625000 1.000000
vt 0.625000 0.937500
vt 0.625000 0.875000
vt 0.625000 0.875000
vt 0.625000 0.937500
vt 0.625000 0.812500
vt 0.625000 0.812500
vt 0.625000 0.875000
vt 0.625000 0.937500
vt 0.625000 0.812500
vt 0.625000 1.000000
vt 0.625000 0.750000
vt 0.625000 0.750000
vt 0.625000 0.750000
vt 0.625000 1.000000
vt 0.625000 1.000000
vt 0.625000 0.437500
vt 0.625000 0.375000
vt 0.625000 0.375000
vt 0.625000 0.437500
vt 0.625000 0.312500
vt 0.625000 0.312500
vt 0.625000 0.375000
vt 0.625000 0.437500
vt 0.625000 0.312500
vt 0.625000 0.500000
vt 0.625000 0.312500
vt 0.625000 0.375000
vt 0.625000 0.437500
vt 0.625000 0.500000
vt 0.625000 0.500000
vt 0.625000 0.500000
vt 0.625000 0.687500
vt 0.625000 0.625000
vt 0.625000 0.625000
vt 0.625000 0.687500
vt 0.625000 0.562500
vt 0.625000 0.562500
vt 0.625000 0.625000
vt 0.625000 0.687500
vt 0.625000 0.562500
vt 0.625000 0.562500
vt 0.625000 0.625000
vt 0.625000 0.687500
vt 0.625000 0.687500
vt 0.625000 0.625000
vt 0.625000 0.625000
vt 0.625000 0.687500
vt 0.625000 0.562500
vt 0.625000 0.562500
vt 0.625000 0.625000
vt 0.625000 0.687500
vt 0.625000 0.562500
vt 0.625000 0.687500
vt 0.625000 0.750000
vt 0.625000 0.625000
vt 0.625000 0.562500
vt 0.625000 0.500000
vt 0.625000 0.500000
vt 0.625000 0.500000
vt 0.625000 0.500000
vt 0.625000 0.500000
vt 0.625000 0.562500
vt 0.625000 0.625000
vt 0.625000 0.687500
vt 0.625000 0.750000
vt 0.625000 0.750000
vt 0.625000 0.750000
vt 0.625000 0.437500
vt 0.625000 0.375000
vt 0.625000 0.375000
vt 0.625000 0.437500
vt 0.625000 0.312500
vt 0.625000 0.312500
vt 0.625000 0.375000
vt 0.625000 0.437500
vt 0.625000 0.312500
vt 0.625000 0.500000
vt 0.625000 0.250000
vt 0.625000 0.250000
vt 0.625000 0.250000
vt 0.625000 0.250000
vt 0.625000 0.312500
vt 0.625000 0.375000
vt 0.625000 0.437500
vt 0.625000 0.500000
vt 0.625000 0.500000
vt 0.625000 0.687500
vt 0.625000 0.625000
vt 0.625000 0.625000
vt 0.625000 0.687500
vt 0.625000 0.562500
vt 0.625000 0.562500
vt 0.625000 0.625000
vt 0.625000 0.687500
vt 0.625000 0.562500
vt 0.625000 0.187500
vt 0.625000 0.125000
vt 0.625000 0.125000
vt 0.625000 0.187500
vt 0.625000 0.062500
vt 0.625000 0.062500
vt 0.625000 0.125000
vt 0.625000 0.187500
vt 0.625000 0.062500
vt 0.625000 0.000000
vt 0.625000 0.000000
vt 0.625000 0.000000
vt 0.625000 0.000000
vt 0.625000 0.062500
vt 0.625000 0.125000
vt 0.625000 0.187500
vt 0.625000 0.687500
vt 0.625000 0.625000
vt 0.625000 0.625000
vt 0.625000 0.687500
vt 0.625000 0.562500
vt 0.625000 0.562500
vt 0.625000 0.625000
vt 0.625000 0.687500
vt 0.625000 0.562500
vt 0.625000 0.750000
vt 0.625000 0.500000
vt 0.625000 0.500000
vt 0.625000 0.500000
vt 0.625000 0.500000
vt 0.625000 0.562500
vt 0.625000 0.625000
vt 0.625000 0.687500
vt 0.625000 0.750000
vt 0.625000 0.750000
vt 0.625000 0.750000
vt 0.625000 0.187500
vt 0.625000 0.125000
vt 0.625000 0.125000
vt 0.625000 0.187500
vt 0.625000 0.062500
vt 0.625000 0.062500
vt 0.625000 0.125000
vt 0.625000 0.187500
vt 0.625000 0.062500
vt 0.625000 0.250000
vt 0.625000 0.000000
vt 0.625000 0.000000
vt 0.625000 0.000000
vt 0.625000 0.000000
vt 0.625000 0.062500
vt 0.625000 0.125000
vt 0.625000 0.187500
vt 0.625000 0.250000
vt 0.625000 0.250000
vt 0.625000 0.250000
vt 0.625000 0.937500
vt 0.625000 0.875000
vt 0.625000 0.875000
vt 0.625000 0.937500
vt 0.625000 0.812500
vt 0.625000 0.812500
vt 0.625000 0.875000
vt 0.625000 0.937500
vt 0.625000 0.812500
vt 0.625000 1.000000
vt 0.625000 0.812500
vt 0.625000 0.875000
vt 0.625000 0.937500
vt 0.625000 1.000000
vt 0.625000 1.000000
vt 0.625000 1.000000
vt 0.625000 0.437500
vt 0.625000 0.375000
vt 0.625000 0.375000
vt 0.625000 0.437500
vt 0.625000 0.312500
vt 0.625000 0.312500
vt 0.625000 0.375000
vt 0.625000 0.437500
vt 0.625000 0.312500
vt 0.625000 0.312500
vt 0.625000 0.375000
vt 0.625000 0.437500
vt 0.625000 0.937500
vt 0.625000 0.875000
vt 0.625000 0.875000
vt 0.625000 0.937500
vt 0.625000 0.812500
vt 0.625000 0.812500
vt 0.625000 0.875000
vt 0.625000 0.937500
vt 0.625000 0.812500
vt 0.625000 1.000000
vt 0.625000 0.937500
vt 0.625000 1.000000
vt 0.625000 0.875000
vt 0.625000 0.812500
vt 0.625000 0.750000
vt 0.625000 0.750000
vt 0.625000 0.750000
vt 0.625000 0.750000
vt 0.625000 0.812500
vt 0.625000 0.875000
vt 0.625000 0.937500
vt 0.625000 1.000000
vt 0.625000 1.000000
vt 0.625000 1.000000
vt 0.625000 0.187500
vt 0.625000 0.125000
vt 0.625000 0.125000
vt 0.625000 0.187500
vt 0.625000 0.062500
vt 0.625000 0.062500
vt 0.625000 0.125000
vt 0.625000 0.187500
vt 0.625000 0.062500
vt 0.625000 0.250000
vt 0.625000 0.000000
vt 0.625000 0.000000
vt 0.625000 0.000000
vt 0.625000 0.000000
vt 0.625000 0.062500
vt 0.625000 0.125000
vt 0.625000 0.187500
vt 0.625000 0.250000
vt 0.625000 0.250000
vt 0.625000 0.250000
vt 0.625000 0.937500
vt 0.625000 0.875000
vt 0.625000 0.875000
vt 0.625000 0.937500
vt 0.625000 0.812500
vt 0.625000 0.812500
vt 0.625000 0.875000
vt 0.625000 0.937500
vt 0.625000 0.812500
vt 0.625000 1.000000
vt 0.625000 1.000000
vt 0.625000 1.000000
vt 0.625000 0.437500
vt 0.625000 0.375000
vt 0.625000 0.375000
vt 0.625000 0.437500
vt 0.625000 0.312500
vt 0.625000 0.312500
vt 0.625000 0.375000
vt 0.625000 0.437500
vt 0.625000 0.312500
vt 0.625000 0.312500
vt 0.625000 0.375000
vt 0.625000 0.437500
vt 0.625000 0.687500
vt 0.625000 0.625000
vt 0.625000 0.625000
vt 0.625000 0.687500
vt 0.625000 0.562500
vt 0.625000 0.562500
vt 0.625000 0.625000
vt 0.625000 0.687500
vt 0.625000 0.562500
vt 0.625000 0.687500
vt 0.625000 0.750000
vt 0.625000 0.625000
vt 0.625000 0.562500
vt 0.625000 0.500000
vt 0.625000 0.500000
vt 0.625000 0.500000
vt 0.625000 0.500000
vt 0.625000 0.500000
vt 0.625000 0.562500
vt 0.625000 0.625000
vt 0.625000 0.687500
vt 0.625000 0.750000
vt 0.625000 0.750000
vt 0.625000 0.750000
vt 0.625000 0.437500
vt 0.625000 0.375000
vt 0.625000 0.375000
vt 0.625000 0.437500
vt 0.625000 0.312500
vt 0.625000 0.312500
vt 0.625000 0.375000
vt 0.625000 0.437500
vt 0.625000 0.312500
vt 0.625000 0.500000
vt 0.625000 0.250000
vt 0.625000 0.250000
vt 0.625000 0.250000
vt 0.625000 0.250000
vt 0.625000 0.312500
vt 0.625000 0.375000
vt 0.625000 0.437500
vt 0.625000 0.500000
vt 0.625000 0.500000
vt 0.625000 0.687500
vt 0.625000 0.625000
vt 0.625000 0.625000
vt 0.625000 0.687500
vt 0.625000 0.562500
vt 0.625000 0.562500
vt 0.625000 0.625000
vt 0.625000 0.687500
vt 0.625000 0.562500
vt 0.625000 0.187500
vt 0.625000 0.125000
vt 0.625000 0.125000
vt 0.625000 0.187500
vt 0.625000 0.062500
vt 0.625000 0.062500
vt 0.625000 0.125000
vt 0.625000 0.187500
vt 0.625000 0.062500
vt 0.625000 0.000000
vt 0.625000 0.000000
vt 0.625000 0.000000
vt 0.625000 0.000000
vt 0.625000 0.062500
vt 0.625000 0.125000
vt 0.625000 0.187500
vt 0.625000 0.187500
vt 0.625000 0.125000
vt 0.625000 0.125000
vt 0.625000 0.187500
vt 0.625000 0.062500
vt 0.625000 0.062500
vt 0.625000 0.125000
vt 0.625000 0.187500
vt 0.625000 0.062500
vt 0.625000 0.250000
vt 0.625000 0.187500
vt 0.625000 0.250000
vt 0.625000 0.125000
vt 0.625000 0.062500
vt 0.625000 0.000000
vt 0.625000 0.000000
vt 0.625000 0.000000
vt 0.625000 0.000000
vt 0.625000 0.000000
vt 0.625000 0.062500
vt 0.625000 0.125000
vt 0.625000 0.187500
vt 0.625000 0.250000
vt 0.625000 0.250000
vt 0.625000 0.250000
vt 0.625000 0.187500
vt 0.625000 0.125000
vt 0.625000 0.125000
vt 0.625000 0.187500
vt 0.625000 0.062500
vt 0.625000 0.062500
vt 0.625000 0.125000
vt 0.625000 0.187500
vt 0.625000 0.062500
vt 0.625000 0.250000
vt 0.625000 0.000000
vt 0.625000 0.000000
vt 0.625000 0.000000
vt 0.625000 0.250000
vt 0.625000 0.250000
vt 0.625000 0.937500
vt 0.625000 0.875000
vt 0.625000 0.875000
vt 0.625000 0.937500
vt 0.625000 0.812500
vt 0.625000 0.812500
vt 0.625000 0.875000
vt 0.625000 0.937500
vt 0.625000 0.812500
vt 0.625000 1.000000
vt 0.625000 0.812500
vt 0.625000 0.875000
vt 0.625000 0.937500
vt 0.625000 1.000000
vt 0.625000 1.000000
vt 0.625000 1.000000
vt 0.625000 0.437500
vt 0.625000 0.375000
vt 0.625000 0.375000
vt 0.625000 0.437500
vt 0.625000 0.312500
vt 0.625000 0.312500
vt 0.625000 0.375000
vt 0.625000 0.437500
vt 0.625000 0.312500
vt 0.625000 0.312500
vt 0.625000 0.375000
vt 0.625000 0.437500
vt 0.696533 0.562500
vt 0.752387 0.562500
vt 0.753472 0.625000
vt 0.700087 0.625000
vt 0.812798 0.562500
vt 0.812934 0.625000
vt 0.752387 0.687500
vt 0.696533 0.687500
vt 0.812798 0.687500
vt 0.625000 0.500000
vt 0.687500 0.500000
vt 0.653700 0.562500
vt 0.750000 0.500000
vt 0.812500 0.500000
vt 0.875000 0.500000
vt 0.875000 0.562500
vt 0.875000 0.625000
vt 0.875000 0.687500
vt 0.875000 0.750000
vt 0.812500 0.750000
vt 0.750000 0.750000
vt 0.687500 0.750000
vt 0.653700 0.687500
vt 0.625000 0.750000
vt 0.659722 0.625000
vt 0.625000 0.937500
vt 0.625000 0.875000
vt 0.625000 0.875000
vt 0.625000 0.937500
vt 0.625014 0.812500
vt 0.625109 0.812500
vt 0.625000 0.875000
vt 0.625000 0.937500
vt 0.625231 0.812500
vt 0.625000 1.000000
vt 0.625109 0.750000
vt 0.625868 0.750000
vt 0.627604 0.750000
vt 0.625000 0.812500
vt 0.625000 0.875000
vt 0.625000 0.937500
vt 0.625000 1.000000
vt 0.625000 1.000000
vt 0.625000 1.000000
vt 0.625014 0.437500
vt 0.625000 0.375000
vt 0.625000 0.375000
vt 0.625109 0.437500
vt 0.625000 0.312500
vt 0.625000 0.312500
vt 0.625000 0.375000
vt 0.625231 0.437500
vt 0.625000 0.312500
vt 0.625109 0.500000
vt 0.625000 0.312500
vt 0.625000 0.375000
vt 0.625000 0.437500
vt 0.627604 0.500000
vt 0.625868 0.500000
vt 0.625312 0.687500
vt 0.625434 0.625000
vt 0.628472 0.625000
vt 0.627496 0.687500
vt 0.625312 0.562500
vt 0.627496 0.562500
vt 0.637587 0.625000
vt 0.634264 0.687500
vt 0.634264 0.562500
vn -0.8717 -0.3591 0.3334
vn -0.9291 -0.1111 0.3526
vn -0.9949 -0.1010 -0.0008
vn -0.9272 -0.3745 -0.0005
vn -0.9337 0.0677 0.3516
vn -0.9960 0.0893 -0.0011
vn -0.9297 -0.0991 -0.3546
vn -0.8728 -0.3552 -0.3347
vn -0.9310 0.0921 -0.3530
vn -0.5769 -0.5793 0.5758
vn -0.6649 -0.3475 0.6612
vn -0.6704 -0.6715 0.3154
vn -0.7038 -0.1323 0.6979
vn -0.7108 0.0240 0.7030
vn -0.7058 0.1264 0.6970
vn -0.9171 0.2000 0.3447
vn -0.9720 0.2349 -0.0011
vn -0.9077 0.2405 -0.3438
vn -0.6934 0.2101 -0.6893
vn -0.7073 0.0732 -0.7031
vn -0.7046 -0.1083 -0.7012
vn -0.6662 -0.3395 -0.6640
vn -0.6708 -0.6711 -0.3157
vn -0.5773 -0.5781 -0.5766
vn -0.7070 -0.7072 -0.0001
vn -0.3359 -0.3640 -0.8686
vn -0.3571 -0.1268 -0.9254
vn -0.0030 -0.1483 -0.9889
vn -0.0018 -0.3889 -0.9213
vn -0.3590 0.0349 -0.9326
vn -0.0047 -0.0105 -0.9999
vn 0.3488 -0.1729 -0.9211
vn 0.3308 -0.3787 -0.8644
vn 0.3493 -0.0628 -0.9349
vn -0.3159 -0.6719 -0.6699
vn -0.3557 0.1431 -0.9236
vn -0.0061 0.0616 -0.9981
vn 0.3471 -0.0305 -0.9373
vn 0.6942 -0.1331 -0.7074
vn 0.6973 -0.1208 -0.7065
vn 0.6896 -0.2008 -0.6958
vn 0.6550 -0.3703 -0.6587
vn 0.3150 -0.6736 -0.6686
vn 0.5741 -0.5828 -0.5751
vn -0.0003 -0.7086 -0.7056
vn 0.8571 -0.3933 -0.3327
vn 0.9099 -0.2196 -0.3519
vn 0.9736 -0.2282 -0.0008
vn 0.9107 -0.4129 -0.0005
vn 0.9206 -0.1636 -0.3544
vn 0.9829 -0.1839 -0.0013
vn 0.9079 -0.2314 0.3494
vn 0.8559 -0.3971 0.3313
vn 0.9174 -0.1889 0.3501
vn 0.6671 -0.6749 -0.3153
vn 0.9118 -0.2119 -0.3517
vn 0.9685 -0.2490 -0.0019
vn 0.9035 -0.2556 0.3440
vn 0.6851 -0.2232 0.6934
vn 0.6938 -0.1717 0.6994
vn 0.6872 -0.2246 0.6908
vn 0.6535 -0.3782 0.6556
vn 0.6667 -0.6754 0.3151
vn 0.5737 -0.5840 0.5743
vn 0.7033 -0.7109 -0.0001
vn 0.3302 -0.3885 0.8602
vn 0.3478 -0.2042 0.9151
vn -0.0031 -0.1814 0.9834
vn -0.0018 -0.3988 0.9170
vn 0.3480 -0.1300 0.9284
vn -0.0050 -0.0821 0.9966
vn -0.3567 -0.1581 0.9207
vn -0.3354 -0.3739 0.8647
vn -0.3606 -0.0314 0.9322
vn 0.3149 -0.6746 0.6677
vn 0.3439 -0.1513 0.9267
vn -0.0071 -0.0671 0.9977
vn -0.3616 0.0262 0.9319
vn -0.3158 -0.6729 0.6689
vn -0.0003 -0.7095 0.7046
vn -0.3362 -0.8797 -0.3362
vn 0.0000 -0.9344 -0.3560
vn 0.0000 -1.0000 0.0000
vn -0.3560 -0.9344 0.0000
vn 0.3362 -0.8797 -0.3362
vn 0.3560 -0.9344 0.0000
vn 0.0000 -0.9344 0.3560
vn -0.3362 -0.8797 0.3362
vn 0.3362 -0.8797 0.3362
vn -0.8834 0.3273 -0.3352
vn -0.9472 0.3205 0.0005
vn -0.9590 0.2831 0.0025
vn -0.8953 0.2874 -0.3403
vn -0.8985 0.2752 0.3418
vn -0.9047 0.2435 0.3496
vn -0.9983 0.0578 0.0056
vn -0.9332 0.0512 -0.3556
vn -0.9286 0.0569 0.3666
vn -0.6767 0.2868 -0.6781
vn -0.6956 0.1771 0.6962
vn -0.6913 0.1553 0.7056
vn -0.6901 0.0454 0.7223
vn -0.6816 -0.1238 0.7211
vn -0.9003 -0.2469 0.3584
vn -0.9512 -0.3084 0.0063
vn -0.8819 -0.3307 -0.3360
vn -0.6979 0.0345 -0.7153
vn -0.6634 -0.3055 -0.6830
vn -0.6812 0.2470 -0.6891
vn -0.7497 -0.5982 -0.2828
vn -0.8228 -0.5682 0.0056
vn -0.7565 -0.6539 0.0080
vn -0.6742 -0.6946 -0.2509
vn -0.8178 -0.4757 0.3238
vn -0.7804 -0.5418 0.3122
vn -0.7769 -0.6294 0.0133
vn -0.6728 -0.6983 -0.2441
vn -0.8170 -0.4725 0.3306
vn -0.5789 -0.5646 -0.5882
vn -0.6674 -0.2608 0.6975
vn -0.6660 -0.2751 0.6934
vn -0.6905 -0.1545 0.7066
vn -0.7126 0.0882 0.6959
vn -0.9010 -0.2456 0.3575
vn -0.8779 -0.4784 0.0191
vn -0.7443 -0.6146 -0.2610
vn -0.5020 -0.7093 -0.4949
vn -0.5286 -0.6823 -0.5050
vn -0.5189 -0.6770 -0.5219
vn -0.3562 0.0423 0.9334
vn -0.0029 -0.0830 0.9965
vn 0.0059 -0.0696 0.9976
vn -0.3467 0.0377 0.9372
vn 0.3442 -0.1945 0.9185
vn 0.3537 -0.1655 0.9206
vn 0.0178 0.0058 0.9998
vn -0.3346 0.0259 0.9420
vn 0.3700 -0.0148 0.9289
vn 0.6745 -0.2871 0.6801
vn 0.6866 -0.2452 0.6844
vn 0.7146 -0.0350 0.6986
vn 0.6821 0.2959 0.6688
vn 0.3592 0.2335 0.9035
vn 0.0189 0.1408 0.9898
vn -0.3314 0.0226 0.9432
vn 0.3518 -0.0389 -0.9353
vn -0.0013 0.0859 -0.9963
vn 0.0070 0.0620 -0.9980
vn 0.3612 -0.0473 -0.9313
vn -0.3478 0.1963 -0.9167
vn -0.3433 0.1614 -0.9252
vn 0.0181 -0.0100 -0.9998
vn 0.3742 -0.0302 -0.9268
vn -0.3386 0.0114 -0.9408
vn 0.6927 -0.1751 -0.6996
vn -0.3268 -0.2233 -0.9183
vn 0.0217 -0.1158 -0.9930
vn 0.3777 0.0137 -0.9258
vn 0.7215 -0.0474 -0.6907
vn 0.7144 0.1523 -0.6829
vn 0.7019 -0.1622 -0.6935
vn 0.8827 -0.3287 0.3359
vn 0.9468 -0.3217 -0.0009
vn 0.9600 -0.2800 0.0015
vn 0.8966 -0.2832 0.3405
vn 0.8977 -0.2756 -0.3437
vn 0.9079 -0.2435 -0.3411
vn 0.9984 -0.0556 0.0053
vn 0.9343 -0.0492 0.3531
vn 0.9379 -0.0556 -0.3423
vn 0.9094 0.2489 -0.3331
vn 0.9543 0.2986 0.0042
vn 0.8877 0.3155 0.3353
vn -0.3168 0.5397 0.7800
vn -0.0121 0.6280 0.7780
vn -0.0062 0.5430 0.8397
vn -0.3177 0.5064 0.8016
vn 0.2601 0.6523 0.7119
vn 0.2999 0.5265 0.7955
vn -0.0001 0.2090 0.9779
vn -0.3572 0.2105 0.9099
vn 0.3592 0.1819 0.9153
vn -0.3471 0.4050 0.8458
vn -0.6866 0.3253 0.6502
vn -0.0189 0.5834 0.8119
vn 0.2486 0.6678 0.7016
vn 0.5026 0.6908 0.5197
vn 0.5555 0.6136 0.5612
vn 0.6423 0.4334 0.6321
vn 0.7215 0.1161 0.6826
vn 0.7130 -0.2333 0.6612
vn 0.3525 -0.3230 0.8783
vn 0.0057 -0.3475 0.9377
vn -0.3395 -0.3337 0.8794
vn -0.7151 0.1758 0.6766
vn -0.6990 -0.2631 0.6649
vn -0.6702 0.3804 0.6371
vn -0.3438 0.0314 0.9385
vn 0.0027 0.2709 0.9626
vn -0.0090 0.3804 0.9247
vn -0.3534 0.0916 0.9310
vn 0.3152 0.4430 0.8393
vn 0.2810 0.5650 0.7758
vn -0.0163 0.4852 0.8742
vn -0.3582 0.2218 0.9069
vn 0.2595 0.6335 0.7289
vn 0.5859 0.5522 0.5931
vn 0.5188 0.6682 0.5333
vn 0.4927 0.7056 0.5092
vn 0.3660 0.0102 -0.9305
vn 0.0125 -0.2505 -0.9680
vn 0.0071 -0.3853 -0.9227
vn 0.3592 -0.0772 -0.9301
vn -0.3076 -0.4422 -0.8425
vn -0.2842 -0.5754 -0.7669
vn 0.0014 -0.5094 -0.8605
vn 0.3460 -0.2474 -0.9050
vn -0.2701 -0.6479 -0.7122
vn 0.6779 0.2936 -0.6739
vn -0.2691 -0.6767 -0.6852
vn -0.0058 -0.6078 -0.7940
vn 0.3123 -0.4538 -0.8346
vn 0.6933 0.1716 -0.6999
vn 0.6998 -0.1234 -0.7036
vn 0.6695 0.3042 -0.6776
vn 0.7568 0.5865 0.2885
vn 0.8277 0.5612 -0.0003
vn 0.7552 0.6554 -0.0011
vn 0.6746 0.6914 0.2584
vn 0.8206 0.4784 -0.3124
vn 0.7775 0.5526 -0.3002
vn 0.7656 0.6433 0.0005
vn 0.6624 0.7042 0.2552
vn 0.8088 0.4993 -0.3106
vn 0.8983 0.2764 -0.3415
vn 0.8580 0.5136 0.0034
vn 0.7169 0.6391 0.2784
vn 0.9277 -0.1768 0.3288
vn 0.9860 0.1664 -0.0087
vn 0.9730 0.2308 0.0037
vn 0.9116 -0.2495 0.3265
vn 0.8432 0.4350 -0.3158
vn 0.7708 0.5750 -0.2742
vn 0.9668 0.2552 0.0093
vn 0.8973 -0.3040 0.3200
vn 0.7248 0.6410 -0.2523
vn 0.9434 -0.0909 0.3187
vn 0.6303 -0.4971 0.5963
vn 0.9984 0.0467 -0.0303
vn 0.9119 0.1694 -0.3737
vn 0.6706 0.2639 -0.6933
vn 0.5684 0.6082 -0.5540
vn 0.4749 0.7550 -0.4521
vn 0.4217 0.8143 -0.3988
vn 0.3979 0.8370 -0.3757
vn 0.7069 0.6638 -0.2442
vn 0.9686 0.2483 0.0115
vn 0.8847 -0.3440 0.3145
vn 0.5225 -0.6994 0.4877
vn 0.5030 -0.7266 0.4680
vn 0.5632 -0.6339 0.5300
vn 0.2897 -0.5611 -0.7753
vn -0.0063 -0.6331 -0.7740
vn -0.0055 -0.5332 -0.8459
vn 0.3011 -0.5050 -0.8089
vn -0.2804 -0.6465 -0.7095
vn -0.3115 -0.5112 -0.8010
vn -0.0005 -0.1980 -0.9802
vn 0.3382 -0.2000 -0.9195
vn -0.3408 -0.1758 -0.9236
vn 0.6548 -0.3726 -0.6575
vn -0.5837 -0.5919 -0.5558
vn -0.6474 -0.4201 -0.6359
vn -0.6847 -0.1271 -0.7176
vn -0.6637 0.2557 -0.7029
vn -0.3238 0.3132 -0.8928
vn 0.0051 0.3293 -0.9442
vn 0.3340 0.3150 -0.8884
vn 0.6792 -0.1776 -0.7121
vn 0.6425 -0.4028 -0.6518
vn 0.8208 0.4789 0.3113
vn 0.9661 0.2582 -0.0022
vn 0.9997 0.0214 -0.0116
vn 0.9104 0.2450 0.3333
vn 0.9324 -0.0468 -0.3584
vn 0.9107 -0.2081 -0.3568
vn 0.9982 -0.0536 -0.0274
vn 0.9448 0.0268 0.3264
vn 0.9175 -0.1245 -0.3776
vn -0.8402 -0.4516 -0.3001
vn -0.9696 -0.2446 0.0084
vn -0.9986 -0.0524 -0.0099
vn -0.9037 -0.2550 -0.3439
vn -0.9368 0.0247 0.3489
vn -0.9281 0.1684 0.3321
vn -0.9992 0.0292 -0.0279
vn -0.9233 -0.0514 -0.3806
vn -0.9399 0.1060 0.3244
vn -0.9372 -0.1345 0.3218
vn -0.9995 0.0044 -0.0315
vn -0.9133 0.1428 -0.3814
vn 0.8817 -0.3514 0.3147
vn 0.9745 0.2240 0.0126
vn 0.9784 0.2062 0.0139
vn 0.8942 -0.3068 0.3261
vn 0.7154 0.6537 -0.2469
vn 0.7441 0.6160 -0.2584
vn 0.9786 0.2051 0.0165
vn 0.9154 -0.2026 0.3478
vn 0.7884 0.5496 -0.2763
vn 0.5113 -0.7158 0.4756
vn 0.3991 0.8359 -0.3768
vn 0.4256 0.8100 -0.4033
vn 0.4805 0.7480 -0.4578
vn 0.5579 0.6352 -0.5341
vn 0.8371 0.4606 -0.2951
vn 0.9749 0.2218 0.0196
vn 0.9284 -0.0468 0.3686
vn 0.6175 -0.5132 0.5961
vn 0.6756 -0.2817 0.6813
vn 0.5521 -0.6529 0.5184
vn -0.9012 0.2580 -0.3482
vn -0.9962 -0.0856 -0.0165
vn -0.9907 -0.1357 -0.0118
vn -0.8855 0.3329 -0.3240
vn -0.8631 -0.4010 0.3068
vn -0.7966 -0.5356 0.2803
vn -0.9928 -0.1190 -0.0094
vn -0.8616 0.4068 -0.3035
vn -0.7751 -0.5722 0.2678
vn -0.6095 0.5199 -0.5985
vn -0.5683 -0.6133 0.5485
vn -0.4808 -0.7469 0.4592
vn -0.4462 -0.7900 0.4205
vn -0.4502 -0.7887 0.4186
vn -0.7967 -0.5396 0.2722
vn -0.9991 -0.0422 -0.0035
vn -0.8265 0.4866 -0.2829
vn -0.5005 0.7325 -0.4614
vn -0.4600 0.7813 -0.4218
vn -0.5507 0.6549 -0.5175
vn -0.2574 -0.6950 0.6713
vn 0.0021 -0.7010 0.7131
vn 0.0011 -0.8195 0.5731
vn -0.2086 -0.8149 0.5407
vn 0.2757 -0.6560 0.7025
vn 0.2274 -0.7825 0.5796
vn 0.0006 -0.8609 0.5088
vn -0.1880 -0.8549 0.4834
vn 0.2036 -0.8310 0.5177
vn 0.1950 -0.8465 0.4955
vn 0.0000 -0.8719 0.4897
vn -0.1850 -0.8625 0.4710
vn 0.2623 0.6835 -0.6811
vn -0.0005 0.6918 -0.7221
vn -0.0020 0.8227 -0.5685
vn 0.2075 0.8179 -0.5366
vn -0.2736 0.6503 -0.7087
vn -0.2273 0.7872 -0.5733
vn -0.0021 0.8726 -0.4884
vn 0.1792 0.8679 -0.4631
vn -0.1979 0.8457 -0.4956
vn -0.1805 0.8734 -0.4522
vn -0.0018 0.8937 -0.4487
vn 0.1661 0.8877 -0.4293
vn -0.3473 -0.0941 0.9330
vn 0.0002 -0.1221 0.9925
vn 0.0002 0.1599 0.9871
vn -0.3437 0.1692 0.9237
vn 0.3476 -0.0992 0.9324
vn 0.3442 0.1666 0.9240
vn 0.0001 0.3617 0.9323
vn -0.3279 0.3560 0.8751
vn 0.3282 0.3548 0.8754
vn -0.6782 -0.2671 0.6846
vn -0.3246 -0.4060 0.8543
vn -0.6956 -0.0074 0.7184
vn -0.0001 -0.4461 0.8950
vn 0.3234 -0.4123 0.8517
vn 0.6959 -0.0180 0.7178
vn 0.6846 0.1877 0.7043
vn 0.6619 0.3280 0.6740
vn 0.6370 0.4278 0.6412
vn 0.3082 0.4891 0.8159
vn 0.0000 0.5050 0.8631
vn -0.3080 0.4897 0.8156
vn -0.6612 0.3303 0.6735
vn -0.6366 0.4292 0.6408
vn -0.6836 0.1929 0.7039
vn -0.7873 0.5555 -0.2674
vn -0.9981 0.0603 0.0054
vn -0.9884 0.1514 0.0128
vn -0.7697 0.5811 -0.2641
vn -0.8404 -0.4570 0.2910
vn -0.8854 -0.3386 0.3184
vn -0.9767 0.2140 0.0173
vn -0.7862 0.5538 -0.2741
vn -0.9178 -0.1905 0.3484
vn -0.4346 0.8060 -0.4018
vn -0.4853 -0.7505 0.4486
vn -0.5475 -0.6632 0.5103
vn -0.6224 -0.5042 0.5986
vn -0.9288 -0.0241 0.3697
vn -0.9691 0.2456 0.0198
vn -0.8283 0.4780 -0.2921
vn -0.4799 0.7496 -0.4557
vn -0.5523 0.6441 -0.5293
vn -0.4392 0.7985 -0.4116
vn -0.1971 -0.8443 0.4983
vn -0.0003 -0.8592 0.5116
vn -0.0005 -0.8110 0.5850
vn -0.2271 -0.7872 0.5733
vn 0.2017 -0.8350 0.5119
vn 0.2272 -0.7841 0.5774
vn -0.0007 -0.6907 0.7231
vn -0.2756 -0.6547 0.7038
vn 0.2731 -0.6580 0.7017
vn 0.1652 0.8893 -0.4264
vn -0.0012 0.8973 -0.4413
vn -0.0007 0.8816 -0.4720
vn 0.1776 0.8708 -0.4584
vn -0.1736 0.8816 -0.4387
vn -0.1813 0.8678 -0.4626
vn -0.0003 0.8344 -0.5511
vn 0.2068 0.8199 -0.5338
vn -0.2071 0.8206 -0.5326
vn -0.2521 0.7161 -0.6508
vn 0.0001 0.7304 -0.6830
vn 0.2535 0.7128 -0.6539
vn 0.8768 0.3462 0.3337
vn 0.9907 0.1357 0.0066
vn 0.9919 0.1269 0.0029
vn 0.8604 0.3964 0.3200
vn 0.9347 -0.0958 -0.3423
vn 0.9242 -0.1773 -0.3382
vn 0.9857 0.1681 -0.0021
vn 0.8308 0.4681 0.3012
vn 0.9222 -0.1883 -0.3376
vn 0.8857 0.3127 0.3432
vn 0.6107 0.5109 0.6049
vn 0.9842 0.1768 0.0095
vn 0.9388 0.0323 -0.3430
vn 0.7111 -0.1162 -0.6934
vn 0.6799 -0.3172 -0.6611
vn 0.6438 -0.4460 -0.6217
vn 0.6275 -0.4957 -0.6005
vn 0.6385 -0.4726 -0.6073
vn 0.9309 -0.1229 -0.3440
vn 0.9655 0.2602 -0.0088
vn 0.7843 0.5547 0.2776
vn 0.5390 0.6652 0.5167
vn 0.4945 0.7313 0.4697
vn 0.5784 0.5904 0.5629
vn 0.3039 0.5399 -0.7849
vn 0.0002 0.5545 -0.8322
vn 0.0001 0.3213 -0.9470
vn 0.3414 0.3187 -0.8842
vn -0.3027 0.5435 -0.7829
vn -0.3408 0.3212 -0.8835
vn 0.0000 0.0463 -0.9989
vn 0.3591 0.0605 -0.9313
vn -0.3589 0.0619 -0.9313
vn 0.6311 0.4806 -0.6088
vn -0.6275 0.4888 -0.6061
vn -0.6817 0.3093 -0.6630
vn -0.7115 0.1083 -0.6942
vn -0.7112 -0.1144 -0.6936
vn -0.3512 -0.2145 -0.9114
vn 0.0000 -0.2429 -0.9700
vn 0.3511 -0.2154 -0.9112
vn 0.7118 0.1055 -0.6944
vn 0.6831 0.3042 -0.6639
vn 0.9225 0.1092 0.3703
vn 0.9704 0.2409 0.0178
vn 0.9706 0.2402 0.0143
vn 0.9078 0.2136 0.3608
vn 0.8759 0.3676 -0.3127
vn 0.9051 0.2716 -0.3272
vn 0.9758 0.2182 0.0114
vn 0.8948 0.2758 0.3510
vn 0.9271 0.1626 -0.3377
vn -0.8709 0.3802 -0.3112
vn -0.9665 0.2560 0.0178
vn -0.9688 0.2475 0.0143
vn -0.9032 0.2783 -0.3266
vn -0.9207 0.1238 0.3700
vn -0.9063 0.2205 0.3604
vn -0.9750 0.2220 0.0114
vn -0.9265 0.1662 -0.3376
vn -0.8939 0.2791 0.3507
vn -0.8850 0.3148 0.3429
vn -0.9837 0.1793 0.0094
vn -0.9387 0.0347 -0.3430
vn -0.9260 -0.1613 -0.3413
vn -0.9708 0.2395 -0.0087
vn -0.9437 0.3306 -0.0129
vn -0.9348 -0.0712 -0.3478
vn -0.7808 0.5609 0.2751
vn -0.7392 0.6229 0.2561
vn -0.8899 0.4559 -0.0163
vn -0.9313 0.0669 -0.3580
vn -0.6845 0.6907 0.2332
vn -0.6121 -0.5307 -0.5862
vn -0.9153 -0.2228 -0.3353
vn -0.6267 -0.4975 -0.5997
vn -0.9866 0.1632 -0.0044
vn -0.8178 0.4956 0.2925
vn -0.5131 0.7062 0.4879
vn -0.4785 0.7523 0.4529
vn -0.4462 0.7898 0.4208
vn -0.4127 0.8242 0.3876
vn -0.3829 0.8536 0.3531
vn -0.5474 0.8047 0.2298
vn -0.7656 0.6429 -0.0244
vn -0.8605 0.2684 -0.4328
vn -0.6791 -0.3373 -0.6519
vn -0.6720 -0.2043 -0.7118
vn -0.6489 -0.4395 -0.6211
vn -0.9344 -0.0988 -0.3423
vn -0.9911 0.1329 0.0067
vn -0.9943 0.1065 0.0036
vn -0.9205 -0.1975 -0.3370
vn -0.8773 0.3444 0.3342
vn -0.8655 0.3827 0.3231
vn -0.9933 0.1149 0.0001
vn -0.9116 -0.2407 -0.3331
vn -0.8464 0.4336 0.3091
vn -0.6790 -0.3194 -0.6609
vn -0.6107 0.5102 0.6055
vn -0.5812 0.5837 0.5669
vn -0.5482 0.6496 0.5267
vn -0.6130 -0.5257 -0.5897
vn -0.6384 -0.4586 -0.6182
vn -0.2866 0.5938 0.7518
vn 0.0002 0.6146 0.7888
vn 0.0002 0.7011 0.7131
vn -0.2640 0.6782 0.6858
vn 0.2869 0.5941 0.7515
vn 0.2636 0.6807 0.6835
vn 0.0001 0.7664 0.6424
vn -0.2417 0.7439 0.6231
vn 0.2398 0.7494 0.6172
vn 0.2173 0.8010 0.5578
vn -0.0000 0.8133 0.5818
vn -0.2215 0.7925 0.5681
vn 0.3224 -0.4449 -0.8355
vn 0.0002 -0.4773 -0.8787
vn 0.0005 -0.6174 -0.7866
vn 0.2934 -0.5839 -0.7569
vn -0.3217 -0.4458 -0.8353
vn -0.2911 -0.5885 -0.7542
vn 0.0009 -0.6817 -0.7316
vn 0.2778 -0.6454 -0.7115
vn -0.2726 -0.6557 -0.7041
vn -0.2693 -0.6677 -0.6940
vn 0.0015 -0.6922 -0.7216
vn 0.2789 -0.6481 -0.7086
vn 0.5209 0.5213 -0.6759
vn -0.0171 0.5501 -0.8349
vn -0.0189 0.9896 -0.1426
vn 0.4324 0.8990 -0.0685
vn -0.5714 0.4418 -0.6915
vn -0.5012 0.8614 -0.0819
vn -0.0037 0.9684 0.2495
vn 0.2802 0.9312 0.2332
vn -0.3124 0.9174 0.2464
vn 0.6796 -0.0413 -0.7324
vn 0.4391 -0.1390 -0.8876
vn 0.7945 0.4453 -0.4129
vn 0.0079 -0.2436 -0.9698
vn -0.4272 -0.2448 -0.8704
vn -0.1931 0.9067 0.3748
vn -0.0009 0.9247 0.3806
vn 0.1813 0.9155 0.3590
vn 0.4826 0.8511 0.2068
vn 0.3475 0.8791 0.3260
vn 0.6683 0.7435 -0.0224
vn -0.2038 0.8277 0.5228
vn -0.0004 0.8463 0.5327
vn -0.0006 0.8714 0.4905
vn -0.1876 0.8549 0.4837
vn 0.1972 0.8380 0.5088
vn 0.1795 0.8654 0.4679
vn -0.0007 0.8952 0.4456
vn -0.1719 0.8799 0.4429
vn 0.1632 0.8893 0.4271
vn 0.4504 0.7838 0.4276
vn 0.4125 0.8224 0.3917
vn 0.3773 0.8540 0.3580
vn 0.2883 -0.6172 -0.7321
vn 0.0018 -0.6724 -0.7401
vn 0.0021 -0.6336 -0.7736
vn 0.3011 -0.5658 -0.7675
vn -0.2751 -0.6484 -0.7099
vn -0.2853 -0.6101 -0.7391
vn 0.0034 -0.5467 -0.8373
vn 0.3200 -0.4709 -0.8221
vn -0.3033 -0.5316 -0.7908
vn 0.6618 -0.4055 -0.6305
vn 0.7064 -0.1787 -0.6849
vn 0.6860 -0.3128 -0.6569
vn 0.7265 0.6385 0.2538
vn 0.9266 0.3758 -0.0141
vn 0.8737 0.4862 -0.0173
vn 0.6697 0.7058 0.2308
vn 0.9360 -0.0106 -0.3518
vn 0.9273 0.1182 -0.3550
vn 0.7975 0.6030 -0.0183
vn 0.6079 0.7664 0.2072
vn 0.8945 0.2712 -0.3553
usemtl None
s 1
f 269/1/1 270/2/2 273/3/3 272/4/4
f 270/2/2 271/5/5 274/6/6 273/3/3
f 272/4/4 273/3/3 276/7/7 275/8/8
f 273/3/3 274/6/6 277/9/9 276/7/7
f 1/10/10 44/11/11 269/1/1 43/12/12
f 44/11/11 45/13/13 270/2/2 269/1/1
f 45/13/13 46/14/14 271/5/5 270/2/2
f 46/14/14 2/15/15 47/16/16 271/5/5
f 271/5/5 47/16/16 48/17/17 274/6/6
f 274/6/6 48/17/17 49/18/18 277/9/9
f 277/9/9 49/18/18 4/19/19 50/20/20
f 276/7/7 277/9/9 50/20/20 51/21/21
f 275/8/8 276/7/7 51/21/21 52/22/22
f 41/23/23 275/8/8 52/22/22 3/24/24
f 42/25/25 272/4/4 275/8/8 41/23/23
f 43/12/12 269/1/1 272/4/4 42/25/25
f 278/26/26 279/27/27 282/28/28 281/29/29
f 279/27/27 280/30/30 283/31/31 282/28/28
f 281/29/29 282/28/28 285/32/32 284/33/33
f 282/28/28 283/31/31 286/34/34 285/32/32
f 3/24/24 52/22/22 278/26/26 55/35/35
f 52/22/22 51/21/21 279/27/27 278/26/26
f 51/21/21 50/20/20 280/30/30 279/27/27
f 50/20/20 4/19/19 56/36/36 280/30/30
f 280/30/30 56/36/36 57/37/37 283/31/31
f 283/31/31 57/37/37 58/38/38 286/34/34
f 286/34/34 58/38/38 8/39/39 59/40/40
f 285/32/32 286/34/34 59/40/40 60/41/41
f 284/33/33 285/32/32 60/41/41 61/42/42
f 53/43/43 284/33/33 61/42/42 7/44/44
f 54/45/45 281/29/29 284/33/33 53/43/43
f 55/35/35 278/26/26 281/29/29 54/45/45
f 287/46/46 288/47/47 291/48/48 290/49/49
f 288/47/47 289/50/50 292/51/51 291/48/48
f 290/49/49 291/48/48 294/52/52 293/53/53
f 291/48/48 292/51/51 295/54/54 294/52/52
f 7/44/44 61/42/42 287/46/46 64/55/55
f 61/42/42 60/41/41 288/47/47 287/46/46
f 60/41/41 59/40/40 289/50/50 288/47/47
f 59/40/40 8/39/39 65/56/56 289/50/50
f 289/50/50 65/56/56 66/57/57 292/51/51
f 292/51/51 66/57/57 67/58/58 295/54/54
f 295/54/54 67/58/58 6/59/59 68/60/60
f 294/52/52 295/54/54 68/60/60 69/61/61
f 293/53/53 294/52/52 69/61/61 70/62/62
f 62/63/63 293/53/53 70/62/62 5/64/64
f 63/65/65 290/49/49 293/53/53 62/63/63
f 64/55/55 287/46/46 290/49/49 63/65/65
f 296/66/66 297/67/67 300/68/68 299/69/69
f 297/67/67 298/70/70 301/71/71 300/68/68
f 299/69/69 300/68/68 303/72/72 302/73/73
f 300/68/68 301/71/71 304/74/74 303/72/72
f 5/64/64 70/62/62 296/66/66 73/75/75
f 70/62/62 69/61/61 297/67/67 296/66/66
f 69/61/61 68/60/60 298/70/70 297/67/67
f 68/60/60 6/59/59 74/76/76 298/70/70
f 298/70/70 74/76/76 75/77/77 301/71/71
f 301/71/71 75/77/77 76/78/78 304/74/74
f 304/74/74 76/78/78 2/79/15 46/80/14
f 303/72/72 304/74/74 46/80/14 45/81/13
f 302/73/73 303/72/72 45/81/13 44/82/11
f 71/83/79 302/73/73 44/82/11 1/84/10
f 72/85/80 299/69/69 302/73/73 71/83/79
f 73/75/75 296/66/66 299/69/69 72/85/80
f 305/86/81 306/87/82 309/88/83 308/89/84
f 306/87/82 307/90/85 310/91/86 309/88/83
f 308/89/84 309/88/83 312/92/87 311/93/88
f 309/88/83 310/91/86 313/94/89 312/92/87
f 3/95/24 55/96/35 305/86/81 41/97/23
f 55/96/35 54/98/45 306/87/82 305/86/81
f 54/98/45 53/99/43 307/90/85 306/87/82
f 53/99/43 7/44/44 64/55/55 307/90/85
f 307/90/85 64/55/55 63/65/65 310/91/86
f 310/91/86 63/65/65 62/63/63 313/94/89
f 313/94/89 62/63/63 5/64/64 73/100/75
f 312/92/87 313/94/89 73/100/75 72/101/80
f 311/93/88 312/92/87 72/101/80 71/102/79
f 43/103/12 311/93/88 71/102/79 1/104/10
f 42/105/25 308/89/84 311/93/88 43/103/12
f 41/97/23 305/86/81 308/89/84 42/105/25
f 314/106/90 315/107/91 318/108/92 317/109/93
f 315/107/91 316/110/94 319/111/95 318/108/92
f 317/109/93 318/108/92 321/112/96 320/113/97
f 318/108/92 319/111/95 322/114/98 321/112/96
f 4/19/19 49/18/18 314/106/90 94/115/99
f 49/18/18 48/17/17 315/107/91 314/106/90
f 48/17/17 47/16/16 316/110/94 315/107/91
f 47/16/16 2/15/15 89/116/100 316/110/94
f 316/110/94 89/116/100 90/117/101 319/111/95
f 319/111/95 90/117/101 91/118/102 322/114/98
f 322/114/98 91/118/102 9/119/103 77/120/104
f 321/112/96 322/114/98 77/120/104 78/121/105
f 320/113/97 321/112/96 78/121/105 79/122/106
f 92/123/107 320/113/97 79/122/106 10/124/108
f 93/125/109 317/109/93 320/113/97 92/123/107
f 94/115/99 314/106/90 317/109/93 93/125/109
f 323/126/110 324/127/111 327/128/112 326/129/113
f 324/127/111 325/130/114 328/131/115 327/128/112
f 326/129/113 327/128/112 330/132/116 329/133/117
f 327/128/112 328/131/115 331/134/118 330/132/116
f 10/124/108 79/122/106 323/126/110 118/135/119
f 79/122/106 78/121/105 324/127/111 323/126/110
f 78/121/105 77/120/104 325/130/114 324/127/111
f 77/120/104 9/119/103 113/136/120 325/130/114
f 325/130/114 113/136/120 114/137/121 328/131/115
f 328/131/115 114/137/121 115/138/122 331/134/118
f 331/134/118 115/138/122 13/139/123 101/140/124
f 330/132/116 331/134/118 101/140/124 102/141/125
f 329/133/117 330/132/116 102/141/125 103/142/126
f 116/143/127 329/133/117 103/142/126 14/144/128
f 117/145/129 326/129/113 329/133/117 116/143/127
f 118/135/119 323/126/110 326/129/113 117/145/129
f 332/146/130 333/147/131 336/148/132 335/149/133
f 333/147/131 334/150/134 337/151/135 336/148/132
f 335/149/133 336/148/132 339/152/136 338/153/137
f 336/148/132 337/151/135 340/154/138 339/152/136
f 2/79/15 76/78/78 332/146/130 89/155/100
f 76/78/78 75/77/77 333/147/131 332/146/130
f 75/77/77 74/76/76 334/150/134 333/147/131
f 74/76/76 6/59/59 95/156/139 334/150/134
f 334/150/134 95/156/139 96/157/140 337/151/135
f 337/151/135 96/157/140 97/158/141 340/154/138
f 340/154/138 97/158/141 12/159/142 86/160/143
f 339/152/136 340/154/138 86/160/143 87/161/144
f 338/153/137 339/152/136 87/161/144 88/162/145
f 91/163/102 338/153/137 88/162/145 9/164/103
f 90/165/101 335/149/133 338/153/137 91/163/102
f 89/155/100 332/146/130 335/149/133 90/165/101
f 341/166/146 342/167/147 345/168/148 344/169/149
f 342/167/147 343/170/150 346/171/151 345/168/148
f 344/169/149 345/168/148 348/172/152 347/173/153
f 345/168/148 346/171/151 349/174/154 348/172/152
f 8/39/39 58/38/38 341/166/146 100/175/155
f 58/38/38 57/37/37 342/167/147 341/166/146
f 57/37/37 56/36/36 343/170/150 342/167/147
f 56/36/36 4/19/19 94/115/99 343/170/150
f 343/170/150 94/115/99 93/125/109 346/171/151
f 346/171/151 93/125/109 92/123/107 349/174/154
f 349/174/154 92/123/107 10/124/108 80/176/156
f 348/172/152 349/174/154 80/176/156 81/177/157
f 347/173/153 348/172/152 81/177/157 82/178/158
f 98/179/159 347/173/153 82/178/158 11/180/160
f 99/181/161 344/169/149 347/173/153 98/179/159
f 100/175/155 341/166/146 344/169/149 99/181/161
f 350/182/162 351/183/163 354/184/164 353/185/165
f 351/183/163 352/186/166 355/187/167 354/184/164
f 353/185/165 354/184/164 357/188/168 356/189/169
f 354/184/164 355/187/167 358/190/170 357/188/168
f 6/59/59 67/58/58 350/182/162 95/156/139
f 67/58/58 66/57/57 351/183/163 350/182/162
f 66/57/57 65/56/56 352/186/166 351/183/163
f 65/56/56 8/39/39 100/175/155 352/186/166
f 352/186/166 100/175/155 99/181/161 355/187/167
f 355/187/167 99/181/161 98/179/159 358/190/170
f 358/190/170 98/179/159 11/180/160 83/191/171
f 357/188/168 358/190/170 83/191/171 84/192/172
f 356/189/169 357/188/168 84/192/172 85/193/173
f 97/158/141 356/189/169 85/193/173 12/159/142
f 96/157/140 353/185/165 356/189/169 97/158/141
f 95/156/139 350/182/162 353/185/165 96/157/140
f 359/194/174 360/195/175 363/196/176 362/197/177
f 360/195/175 361/198/178 364/199/179 363/196/176
f 362/197/177 363/196/176 366/200/180 365/201/181
f 363/196/176 364/199/179 367/202/182 366/200/180
f 13/203/123 112/204/183 359/194/174 142/205/184
f 112/204/183 111/206/185 360/195/175 359/194/174
f 111/206/185 110/207/186 361/198/178 360/195/175
f 110/207/186 16/208/187 137/209/188 361/198/178
f 361/198/178 137/209/188 138/210/189 364/199/179
f 364/199/179 138/210/189 139/211/190 367/202/182
f 367/202/182 139/211/190 20/212/191 134/213/192
f 366/200/180 367/202/182 134/213/192 135/214/193
f 365/201/181 366/200/180 135/214/193 136/215/194
f 140/216/195 365/201/181 136/215/194 17/217/196
f 141/218/197 362/197/177 365/201/181 140/216/195
f 142/205/184 359/194/174 362/197/177 141/218/197
f 368/219/198 369/220/199 372/221/200 371/222/201
f 369/220/199 370/223/202 373/224/203 372/221/200
f 371/222/201 372/221/200 375/225/204 374/226/205
f 372/221/200 373/224/203 376/227/206 375/225/204
f 9/164/103 88/162/145 368/219/198 113/228/120
f 88/162/145 87/161/144 369/220/199 368/219/198
f 87/161/144 86/160/143 370/223/202 369/220/199
f 86/160/143 12/159/142 119/229/207 370/223/202
f 370/223/202 119/229/207 120/230/208 373/224/203
f 373/224/203 120/230/208 121/231/209 376/227/206
f 376/227/206 121/231/209 16/208/187 110/207/186
f 375/225/204 376/227/206 110/207/186 111/206/185
f 374/226/205 375/225/204 111/206/185 112/204/183
f 115/232/122 374/226/205 112/204/183 13/203/123
f 114/233/121 371/222/201 374/226/205 115/232/122
f 113/228/120 368/219/198 371/222/201 114/233/121
f 377/234/210 378/235/211 381/236/212 380/237/213
f 378/235/211 379/238/214 382/239/215 381/236/212
f 380/237/213 381/236/212 384/240/216 383/241/217
f 381/236/212 382/239/215 385/242/218 384/240/216
f 11/180/160 82/178/158 377/234/210 124/243/219
f 82/178/158 81/177/157 378/235/211 377/234/210
f 81/177/157 80/176/156 379/238/214 378/235/211
f 80/176/156 10/124/108 118/135/119 379/238/214
f 379/238/214 118/135/119 117/145/129 382/239/215
f 382/239/215 117/145/129 116/143/127 385/242/218
f 385/242/218 116/143/127 14/144/128 104/244/220
f 384/240/216 385/242/218 104/244/220 105/245/221
f 383/241/217 384/240/216 105/245/221 106/246/222
f 122/247/223 383/241/217 106/246/222 15/248/224
f 123/249/225 380/237/213 383/241/217 122/247/223
f 124/243/219 377/234/210 380/237/213 123/249/225
f 386/250/226 387/251/227 390/252/228 389/253/229
f 387/251/227 388/254/230 391/255/231 390/252/228
f 389/253/229 390/252/228 393/256/232 392/257/233
f 390/252/228 391/255/231 394/258/234 393/256/232
f 12/159/142 85/193/173 386/250/226 119/229/207
f 85/193/173 84/192/172 387/251/227 386/250/226
f 84/192/172 83/191/171 388/254/230 387/251/227
f 83/191/171 11/180/160 124/243/219 388/254/230
f 388/254/230 124/243/219 123/249/225 391/255/231
f 391/255/231 123/249/225 122/247/223 394/258/234
f 394/258/234 122/247/223 15/248/224 107/259/235
f 393/256/232 394/258/234 107/259/235 108/260/236
f 392/257/233 393/256/232 108/260/236 109/261/237
f 121/231/209 392/257/233 109/261/237 16/208/187
f 120/230/208 389/253/229 392/257/233 121/231/209
f 119/229/207 386/250/226 389/253/229 120/230/208
f 395/262/238 396/263/239 399/264/240 398/265/241
f 396/263/239 397/266/242 400/267/243 399/264/240
f 398/265/241 399/264/240 402/268/244 401/269/245
f 399/264/240 400/267/243 403/270/246 402/268/244
f 20/212/191 133/271/247 395/262/238 166/272/248
f 133/271/247 132/273/249 396/263/239 395/262/238
f 132/273/249 131/274/250 397/266/242 396/263/239
f 131/274/250 19/275/251 161/276/252 397/266/242
f 397/266/242 161/276/252 162/277/253 400/267/243
f 400/267/243 162/277/253 163/278/254 403/270/246
f 403/270/246 163/278/254 23/279/255 155/280/256
f 402/268/244 403/270/246 155/280/256 156/281/257
f 401/269/245 402/268/244 156/281/257 157/282/258
f 164/283/259 401/269/245 157/282/258 24/284/260
f 165/285/261 398/265/241 401/269/245 164/283/259
f 166/272/248 395/262/238 398/265/241 165/285/261
f 404/286/262 405/287/263 408/288/264 407/289/265
f 405/287/263 406/290/266 409/291/267 408/288/264
f 407/289/265 408/288/264 411/292/268 410/293/269
f 408/288/264 409/291/267 412/294/270 411/292/268
f 15/248/224 106/246/222 404/286/262 148/295/271
f 106/246/222 105/245/221 405/287/263 404/286/262
f 105/245/221 104/244/220 406/290/266 405/287/263
f 104/244/220 14/144/128 143/296/272 406/290/266
f 406/290/266 143/296/272 144/297/273 409/291/267
f 409/291/267 144/297/273 145/298/274 412/294/270
f 412/294/270 145/298/274 18/299/275 128/300/276
f 411/292/268 412/294/270 128/300/276 129/301/277
f 410/293/269 411/292/268 129/301/277 130/302/278
f 146/303/279 410/293/269 130/302/278 19/275/251
f 147/304/280 407/289/265 410/293/269 146/303/279
f 148/295/271 404/286/262 407/289/265 147/304/280
f 413/305/281 414/306/282 417/307/283 416/308/284
f 414/306/282 415/309/285 418/310/286 417/307/283
f 416/308/284 417/307/283 420/311/287 419/312/288
f 417/307/283 418/310/286 421/313/289 420/311/287
f 16/208/187 109/261/237 413/305/281 137/209/188
f 109/261/237 108/260/236 414/306/282 413/305/281
f 108/260/236 107/259/235 415/309/285 414/306/282
f 107/259/235 15/248/224 148/295/271 415/309/285
f 415/309/285 148/295/271 147/304/280 418/310/286
f 418/310/286 147/304/280 146/303/279 421/313/289
f 421/313/289 146/303/279 19/275/251 131/274/250
f 420/311/287 421/313/289 131/274/250 132/273/249
f 419/312/288 420/311/287 132/273/249 133/271/247
f 139/211/190 419/312/288 133/271/247 20/212/191
f 138/210/189 416/308/284 419/312/288 139/211/190
f 137/209/188 413/305/281 416/308/284 138/210/189
f 422/314/290 423/315/291 426/316/292 425/317/293
f 423/315/291 424/318/294 427/319/295 426/316/292
f 425/317/293 426/316/292 429/320/296 428/321/297
f 426/316/292 427/319/295 430/322/298 429/320/296
f 14/144/128 103/142/126 422/314/290 143/296/272
f 103/142/126 102/141/125 423/315/291 422/314/290
f 102/141/125 101/140/124 424/318/294 423/315/291
f 101/140/124 13/139/123 142/323/184 424/318/294
f 424/318/294 142/323/184 141/324/197 427/319/295
f 427/319/295 141/324/197 140/325/195 430/322/298
f 430/322/298 140/325/195 17/326/196 125/327/299
f 429/320/296 430/322/298 125/327/299 126/328/300
f 428/321/297 429/320/296 126/328/300 127/329/301
f 145/298/274 428/321/297 127/329/301 18/299/275
f 144/297/273 425/317/293 428/321/297 145/298/274
f 143/296/272 422/314/290 425/317/293 144/297/273
f 431/330/302 432/331/303 435/332/304 434/333/305
f 432/331/303 433/334/306 436/335/307 435/332/304
f 434/333/305 435/332/304 438/336/308 437/337/309
f 435/332/304 436/335/307 439/338/310 438/336/308
f 24/284/260 157/282/258 431/330/302 190/339/311
f 157/282/258 156/281/257 432/331/303 431/330/302
f 156/281/257 155/280/256 433/334/306 432/331/303
f 155/280/256 23/279/255 185/340/312 433/334/306
f 433/334/306 185/340/312 186/341/313 436/335/307
f 436/335/307 186/341/313 187/342/314 439/338/310
f 439/338/310 187/342/314 27/343/315 179/344/316
f 438/336/308 439/338/310 179/344/316 180/345/317
f 437/337/309 438/336/308 180/345/317 181/346/318
f 188/347/319 437/337/309 181/346/318 28/348/320
f 189/349/321 434/333/305 437/337/309 188/347/319
f 190/339/311 431/330/302 434/333/305 189/349/321
f 440/350/322 441/351/323 444/352/324 443/353/325
f 441/351/323 442/354/326 445/355/327 444/352/324
f 443/353/325 444/352/324 447/356/328 446/357/329
f 444/352/324 445/355/327 448/358/330 447/356/328
f 18/299/275 127/329/301 440/350/322 172/359/331
f 127/329/301 126/328/300 441/351/323 440/350/322
f 126/328/300 125/327/299 442/354/326 441/351/323
f 125/327/299 17/326/196 167/360/332 442/354/326
f 442/354/326 167/360/332 168/361/333 445/355/327
f 445/355/327 168/361/333 169/362/334 448/358/330
f 448/358/330 169/362/334 21/363/335 149/364/336
f 447/356/328 448/358/330 149/364/336 150/365/337
f 446/357/329 447/356/328 150/365/337 151/366/338
f 170/367/339 446/357/329 151/366/338 22/368/340
f 171/369/341 443/353/325 446/357/329 170/367/339
f 172/359/331 440/350/322 443/353/325 171/369/341
f 449/370/342 450/371/343 453/372/344 452/373/345
f 450/371/343 451/374/346 454/375/347 453/372/344
f 452/373/345 453/372/344 456/376/348 455/377/349
f 453/372/344 454/375/347 457/378/350 456/376/348
f 17/217/196 136/215/194 449/370/342 167/379/332
f 136/215/194 135/214/193 450/371/343 449/370/342
f 135/214/193 134/213/192 451/374/346 450/371/343
f 134/213/192 20/212/191 166/272/248 451/374/346
f 451/374/346 166/272/248 165/285/261 454/375/347
f 454/375/347 165/285/261 164/283/259 457/378/350
f 457/378/350 164/283/259 24/284/260 158/380/351
f 456/376/348 457/378/350 158/380/351 159/381/352
f 455/377/349 456/376/348 159/381/352 160/382/353
f 169/383/334 455/377/349 160/382/353 21/384/335
f 168/385/333 452/373/345 455/377/349 169/383/334
f 167/379/332 449/370/342 452/373/345 168/385/333
f 458/386/354 459/387/355 462/388/356 461/389/357
f 459/387/355 460/390/358 463/391/359 462/388/356
f 461/389/357 462/388/356 465/392/360 464/393/361
f 462/388/356 463/391/359 466/394/362 465/392/360
f 19/275/251 130/302/278 458/386/354 161/276/252
f 130/302/278 129/301/277 459/387/355 458/386/354
f 129/301/277 128/300/276 460/390/358 459/387/355
f 128/300/276 18/299/275 172/359/331 460/390/358
f 460/390/358 172/359/331 171/369/341 463/391/359
f 463/391/359 171/369/341 170/367/339 466/394/362
f 466/394/362 170/367/339 22/368/340 152/395/363
f 465/392/360 466/394/362 152/395/363 153/396/364
f 464/393/361 465/392/360 153/396/364 154/397/365
f 163/278/254 464/393/361 154/397/365 23/279/255
f 162/277/253 461/389/357 464/393/361 163/278/254
f 161/276/252 458/386/354 461/389/357 162/277/253
f 467/398/366 468/399/367 471/400/368 470/401/369
f 468/399/367 469/402/370 472/403/371 471/400/368
f 470/401/369 471/400/368 474/404/372 473/405/373
f 471/400/368 472/403/371 475/406/374 474/404/372
f 25/407/375 184/408/376 467/398/366 214/409/377
f 184/408/376 183/410/378 468/399/367 467/398/366
f 183/410/378 182/411/379 469/402/370 468/399/367
f 182/411/379 28/348/320 209/412/380 469/402/370
f 469/402/370 209/412/380 210/413/381 472/403/371
f 472/403/371 210/413/381 211/414/382 475/406/374
f 475/406/374 211/414/382 32/415/383 206/416/384
f 474/404/372 475/406/374 206/416/384 207/417/385
f 473/405/373 474/404/372 207/417/385 208/418/386
f 212/419/387 473/405/373 208/418/386 29/420/388
f 213/421/389 470/401/369 473/405/373 212/419/387
f 214/409/377 467/398/366 470/401/369 213/421/389
f 476/422/390 477/423/391 480/424/392 479/425/393
f 477/423/391 478/426/394 481/427/395 480/424/392
f 479/425/393 480/424/392 483/428/396 482/429/397
f 480/424/392 481/427/395 484/430/398 483/428/396
f 22/368/340 151/366/338 476/422/390 196/431/399
f 151/366/338 150/365/337 477/423/391 476/422/390
f 150/365/337 149/364/336 478/426/394 477/423/391
f 149/364/336 21/363/335 191/432/400 478/426/394
f 478/426/394 191/432/400 192/433/401 481/427/395
f 481/427/395 192/433/401 193/434/402 484/430/398
f 484/430/398 193/434/402 25/435/375 173/436/403
f 483/428/396 484/430/398 173/436/403 174/437/404
f 482/429/397 483/428/396 174/437/404 175/438/405
f 194/439/406 482/429/397 175/438/405 26/440/407
f 195/441/408 479/425/393 482/429/397 194/439/406
f 196/431/399 476/422/390 479/425/393 195/441/408
f 485/442/409 486/443/410 489/444/411 488/445/412
f 486/443/410 487/446/413 490/447/414 489/444/411
f 488/445/412 489/444/411 492/448/415 491/449/416
f 489/444/411 490/447/414 493/450/417 492/448/415
f 21/384/335 160/382/353 485/442/409 191/451/400
f 160/382/353 159/381/352 486/443/410 485/442/409
f 159/381/352 158/380/351 487/446/413 486/443/410
f 158/380/351 24/284/260 190/339/311 487/446/413
f 487/446/413 190/339/311 189/349/321 490/447/414
f 490/447/414 189/349/321 188/347/319 493/450/417
f 493/450/417 188/347/319 28/348/320 182/411/379
f 492/448/415 493/450/417 182/411/379 183/410/378
f 491/449/416 492/448/415 183/410/378 184/408/376
f 193/452/402 491/449/416 184/408/376 25/407/375
f 192/453/401 488/445/412 491/449/416 193/452/402
f 191/451/400 485/442/409 488/445/412 192/453/401
f 494/454/418 495/455/419 498/456/420 497/457/421
f 495/455/419 496/458/422 499/459/423 498/456/420
f 497/457/421 498/456/420 501/460/424 500/461/425
f 498/456/420 499/459/423 502/462/426 501/460/424
f 23/279/255 154/397/365 494/454/418 185/340/312
f 154/397/365 153/396/364 495/455/419 494/454/418
f 153/396/364 152/395/363 496/458/422 495/455/419
f 152/395/363 22/368/340 196/431/399 496/458/422
f 496/458/422 196/431/399 195/441/408 499/459/423
f 499/459/423 195/441/408 194/439/406 502/462/426
f 502/462/426 194/439/406 26/440/407 176/463/427
f 501/460/424 502/462/426 176/463/427 177/464/428
f 500/461/425 501/460/424 177/464/428 178/465/429
f 187/342/314 500/461/425 178/465/429 27/343/315
f 186/341/313 497/457/421 500/461/425 187/342/314
f 185/340/312 494/454/418 497/457/421 186/341/313
f 503/466/430 504/467/431 507/468/432 506/469/433
f 504/467/431 505/470/434 508/471/435 507/468/432
f 506/469/433 507/468/432 510/472/436 509/473/437
f 507/468/432 508/471/435 511/474/438 510/472/436
f 32/415/383 205/475/439 503/466/430 238/476/440
f 205/475/439 204/477/441 504/467/431 503/466/430
f 204/477/441 203/478/442 505/470/434 504/467/431
f 203/478/442 31/479/443 233/480/444 505/470/434
f 505/470/434 233/480/444 234/481/445 508/471/435
f 508/471/435 234/481/445 235/482/446 511/474/438
f 511/474/438 235/482/446 35/483/447 227/484/448
f 510/472/436 511/474/438 227/484/448 228/485/449
f 509/473/437 510/472/436 228/485/449 229/486/450
f 236/487/451 509/473/437 229/486/450 36/488/452
f 237/489/453 506/469/433 509/473/437 236/487/451
f 238/476/440 503/466/430 506/469/433 237/489/453
f 512/490/454 513/491/455 516/492/456 515/493/457
f 513/491/455 514/494/458 517/495/459 516/492/456
f 515/493/457 516/492/456 519/496/460 518/497/461
f 516/492/456 517/495/459 520/498/462 519/496/460
f 27/343/315 178/465/429 512/490/454 220/499/463
f 178/465/429 177/464/428 513/491/455 512/490/454
f 177/464/428 176/463/427 514/494/458 513/491/455
f 176/463/427 26/440/407 215/500/464 514/494/458
f 514/494/458 215/500/464 216/501/465 517/495/459
f 517/495/459 216/501/465 217/502/466 520/498/462
f 520/498/462 217/502/466 30/503/467 200/504/468
f 519/496/460 520/498/462 200/504/468 201/505/469
f 518/497/461 519/496/460 201/505/469 202/506/470
f 218/507/471 518/497/461 202/506/470 31/479/443
f 219/508/472 515/493/457 518/497/461 218/507/471
f 220/499/463 512/490/454 515/493/457 219/508/472
f 521/509/473 522/510/474 525/511/475 524/512/476
f 522/510/474 523/513/477 526/514/478 525/511/475
f 524/512/476 525/511/475 528/515/479 527/516/480
f 525/511/475 526/514/478 529/517/481 528/515/479
f 28/348/320 181/346/318 521/509/473 209/412/380
f 181/346/318 180/345/317 522/510/474 521/509/473
f 180/345/317 179/344/316 523/513/477 522/510/474
f 179/344/316 27/343/315 220/499/463 523/513/477
f 523/513/477 220/499/463 219/508/472 526/514/478
f 526/514/478 219/508/472 218/507/471 529/517/481
f 529/517/481 218/507/471 31/479/443 203/478/442
f 528/515/479 529/517/481 203/478/442 204/477/441
f 527/516/480 528/515/479 204/477/441 205/475/439
f 211/414/382 527/516/480 205/475/439 32/415/383
f 210/413/381 524/512/476 527/516/480 211/414/382
f 209/412/380 521/509/473 524/512/476 210/413/381
f 530/518/482 531/519/483 534/520/484 533/521/485
f 531/519/483 532/522/486 535/523/487 534/520/484
f 533/521/485 534/520/484 537/524/488 536/525/489
f 534/520/484 535/523/487 538/526/490 537/524/488
f 26/440/407 175/438/405 530/518/482 215/500/464
f 175/438/405 174/437/404 531/519/483 530/518/482
f 174/437/404 173/436/403 532/522/486 531/519/483
f 173/436/403 25/435/375 214/527/377 532/522/486
f 532/522/486 214/527/377 213/528/389 535/523/487
f 535/523/487 213/528/389 212/529/387 538/526/490
f 538/526/490 212/529/387 29/530/388 197/531/491
f 537/524/488 538/526/490 197/531/491 198/532/492
f 536/525/489 537/524/488 198/532/492 199/533/493
f 217/502/466 536/525/489 199/533/493 30/503/467
f 216/501/465 533/521/485 536/525/489 217/502/466
f 215/500/464 530/518/482 533/521/485 216/501/465
f 539/534/494 540/535/495 543/536/496 542/537/497
f 540/535/495 541/538/498 544/539/499 543/536/496
f 542/537/497 543/536/496 546/540/500 545/541/501
f 543/536/496 544/539/499 547/542/502 546/540/500
f 34/543/503 223/544/504 539/534/494 262/545/505
f 223/544/504 222/546/506 540/535/495 539/534/494
f 222/546/506 221/547/507 541/538/498 540/535/495
f 221/547/507 33/548/508 257/549/509 541/538/498
f 541/538/498 257/549/509 258/550/510 544/539/499
f 544/539/499 258/550/510 259/551/511 547/542/502
f 547/542/502 259/551/511 37/552/512 245/553/513
f 546/540/500 547/542/502 245/553/513 246/554/514
f 545/541/501 546/540/500 246/554/514 247/555/515
f 260/556/516 545/541/501 247/555/515 38/557/517
f 261/558/518 542/537/497 545/541/501 260/556/516
f 262/545/505 539/534/494 542/537/497 261/558/518
f 548/559/519 549/560/520 552/561/521 551/562/522
f 549/560/520 550/563/523 553/564/524 552/561/521
f 551/562/522 552/561/521 555/565/525 554/566/526
f 552/561/521 553/564/524 556/567/527 555/565/525
f 30/503/467 199/533/493 548/559/519 244/568/528
f 199/533/493 198/532/492 549/560/520 548/559/519
f 198/532/492 197/531/491 550/563/523 549/560/520
f 197/531/491 29/530/388 239/569/529 550/563/523
f 550/563/523 239/569/529 240/570/530 553/564/524
f 553/564/524 240/570/530 241/571/531 556/567/527
f 556/567/527 241/571/531 33/548/508 221/547/507
f 555/565/525 556/567/527 221/547/507 222/546/506
f 554/566/526 555/565/525 222/546/506 223/544/504
f 242/572/532 554/566/526 223/544/504 34/543/503
f 243/573/533 551/562/522 554/566/526 242/572/532
f 244/568/528 548/559/519 551/562/522 243/573/533
f 557/574/534 558/575/535 561/576/536 560/577/537
f 558/575/535 559/578/538 562/579/539 561/576/536
f 560/577/537 561/576/536 564/580/540 563/581/541
f 561/576/536 562/579/539 565/582/542 564/580/540
f 29/420/388 208/418/386 557/574/534 239/583/529
f 208/418/386 207/417/385 558/575/535 557/574/534
f 207/417/385 206/416/384 559/578/538 558/575/535
f 206/416/384 32/415/383 238/476/440 559/578/538
f 559/578/538 238/476/440 237/489/453 562/579/539
f 562/579/539 237/489/453 236/487/451 565/582/542
f 565/582/542 236/487/451 36/488/452 230/584/543
f 564/580/540 565/582/542 230/584/543 231/585/544
f 563/581/541 564/580/540 231/585/544 232/586/545
f 241/587/531 563/581/541 232/586/545 33/588/508
f 240/589/530 560/577/537 563/581/541 241/587/531
f 239/583/529 557/574/534 560/577/537 240/589/530
f 566/590/546 567/591/547 570/592/548 569/593/549
f 567/591/547 568/594/550 571/595/551 570/592/548
f 569/593/549 570/592/548 573/596/552 572/597/553
f 570/592/548 571/595/551 574/598/554 573/596/552
f 31/479/443 202/506/470 566/590/546 233/480/444
f 202/506/470 201/505/469 567/591/547 566/590/546
f 201/505/469 200/504/468 568/594/550 567/591/547
f 200/504/468 30/503/467 244/568/528 568/594/550
f 568/594/550 244/568/528 243/573/533 571/595/551
f 571/595/551 243/573/533 242/572/532 574/598/554
f 574/598/554 242/572/532 34/543/503 224/599/555
f 573/596/552 574/598/554 224/599/555 225/600/556
f 572/597/553 573/596/552 225/600/556 226/601/557
f 235/482/446 572/597/553 226/601/557 35/483/447
f 234/481/445 569/593/549 572/597/553 235/482/446
f 233/480/444 566/590/546 569/593/549 234/481/445
f 575/602/558 576/603/559 579/604/560 578/605/561
f 576/603/559 577/606/562 580/607/563 579/604/560
f 578/605/561 579/604/560 582/608/564 581/609/565
f 579/604/560 580/607/563 583/610/566 582/608/564
f 39/611/567 250/612/568 575/602/558 251/613/569
f 250/612/568 249/614/570 576/603/559 575/602/558
f 249/614/570 248/615/571 577/606/562 576/603/559
f 248/615/571 38/616/517 247/617/515 577/606/562
f 577/606/562 247/617/515 246/618/514 580/607/563
f 580/607/563 246/618/514 245/619/513 583/610/566
f 583/610/566 245/619/513 37/620/512 256/621/572
f 582/608/564 583/610/566 256/621/572 255/622/573
f 581/609/565 582/608/564 255/622/573 254/623/574
f 253/624/575 581/609/565 254/623/574 40/625/576
f 252/626/577 578/605/561 581/609/565 253/624/575
f 251/613/569 575/602/558 578/605/561 252/626/577
f 584/627/578 585/628/579 588/629/580 587/630/581
f 585/628/579 586/631/582 589/632/583 588/629/580
f 587/630/581 588/629/580 591/633/584 590/634/585
f 588/629/580 589/632/583 592/635/586 591/633/584
f 33/588/508 232/586/545 584/627/578 257/636/509
f 232/586/545 231/585/544 585/628/579 584/627/578
f 231/585/544 230/584/543 586/631/582 585/628/579
f 230/584/543 36/488/452 263/637/587 586/631/582
f 586/631/582 263/637/587 264/638/588 589/632/583
f 589/632/583 264/638/588 265/639/589 592/635/586
f 592/635/586 265/639/589 40/625/576 254/640/574
f 591/633/584 592/635/586 254/640/574 255/641/573
f 590/634/585 591/633/584 255/641/573 256/642/572
f 259/643/511 590/634/585 256/642/572 37/644/512
f 258/645/510 587/630/581 590/634/585 259/643/511
f 257/636/509 584/627/578 587/630/581 258/645/510
f 593/646/590 594/647/591 597/648/592 596/649/593
f 594/647/591 595/650/594 598/651/595 597/648/592
f 596/649/593 597/648/592 600/652/596 599/653/597
f 597/648/592 598/651/595 601/654/598 600/652/596
f 35/483/447 226/601/557 593/646/590 268/655/599
f 226/601/557 225/600/556 594/647/591 593/646/590
f 225/600/556 224/599/555 595/650/594 594/647/591
f 224/599/555 34/543/503 262/545/505 595/650/594
f 595/650/594 262/545/505 261/558/518 598/651/595
f 598/651/595 261/558/518 260/556/516 601/654/598
f 601/654/598 260/556/516 38/557/517 248/656/571
f 600/652/596 601/654/598 248/656/571 249/657/570
f 599/653/597 600/652/596 249/657/570 250/658/568
f 266/659/600 599/653/597 250/658/568 39/611/567
f 267/660/601 596/649/593 599/653/597 266/659/600
f 268/655/599 593/646/590 596/649/593 267/660/601
f 602/661/602 603/662/603 606/663/604 605/664/605
f 603/662/603 604/665/606 607/666/607 606/663/604
f 605/664/605 606/663/604 609/667/608 608/668/609
f 606/663/604 607/666/607 610/669/610 609/667/608
f 36/488/452 229/486/450 602/661/602 263/637/587
f 229/486/450 228/485/449 603/662/603 602/661/602
f 228/485/449 227/484/448 604/665/606 603/662/603
f 227/484/448 35/483/447 268/655/599 604/665/606
f 604/665/606 268/655/599 267/660/601 607/666/607
f 607/666/607 267/660/601 266/659/600 610/669/610
f 610/669/610 266/659/600 39/611/567 251/613/569
f 609/667/608 610/669/610 251/613/569 252/626/577
f 608/668/609 609/667/608 252/626/577 253/624/575
f 265/639/589 608/668/609 253/624/575 40/625/576
f 264/638/588 605/664/605 608/668/609 265/639/589
f 263/637/587 602/661/602 605/664/605 264/638/588
