# Blender v2.93.4 OBJ File: 'StalagnietenLOD.blend'
# www.blender.org
mtllib Stalagnite3.2.mtl
o Cube.003_Cube.004
v -0.583151 -3.304140 0.199916
v -0.826195 -2.148547 0.285019
v -0.552737 -3.312656 -0.625434
v -0.745094 -2.171257 -0.766871
v 0.298377 -3.304140 0.199916
v 0.375501 -2.148547 0.285019
v 0.328790 -3.312656 -0.625434
v 0.456603 -2.171257 -0.766871
v -0.830792 -1.361262 0.761426
v -0.810516 -1.366939 -0.508128
v 0.496490 -1.366939 -0.508128
v 0.476214 -1.361262 0.761426
v -0.636514 -0.825007 1.323812
v -0.636514 -0.825007 -0.009521
v 0.696819 -0.825006 -0.009521
v 0.696819 -0.825006 1.323812
v -0.517709 0.117311 1.173837
v -0.517709 0.117311 -0.105748
v 0.761875 0.117311 -0.105748
v 0.761876 0.117311 1.173837
v -0.268426 1.981498 0.090298
v -0.268426 1.981498 -0.912780
v 0.734652 1.981498 -0.912780
v 0.734652 1.981498 0.090298
v -0.364260 3.612133 -0.111384
v -0.364260 3.612133 -0.780921
v 0.305276 3.612133 -0.780921
v 0.305276 3.612133 -0.111384
v -0.654969 4.467859 0.488182
v -0.654969 4.467859 0.022092
v -0.188878 4.467859 0.022092
v -0.188878 4.467859 0.488182
v -0.700325 4.895798 0.620063
v -0.700325 4.895799 0.238913
v -0.319176 4.895799 0.238913
v -0.319176 4.895799 0.620063
v -0.639232 5.149637 0.558284
v -0.639232 5.149636 0.301170
v -0.382118 5.149637 0.301170
v -0.382118 5.149636 0.558284
v -0.576406 5.352973 0.495458
v -0.576406 5.352973 0.363996
v -0.444944 5.352973 0.363996
v -0.444944 5.352974 0.495458
v -0.541370 5.470804 0.460422
v -0.541370 5.470803 0.399032
v -0.479980 5.470803 0.399032
v -0.479980 5.470803 0.460422
v -0.620276 -3.376039 -0.452172
v -0.659533 -3.406384 -0.203526
v -0.637542 -3.371204 0.038946
v -0.666553 -3.116464 0.239674
v -0.745573 -2.820414 0.261016
v -0.796008 -2.477978 0.264913
v -0.976809 -2.153692 0.046701
v -1.010963 -2.159902 -0.240926
v -0.932457 -2.166111 -0.528552
v -0.721374 -2.498876 -0.777412
v -0.685803 -2.837151 -0.756905
v -0.623560 -3.128503 -0.697726
v 0.153102 -3.377948 -0.683129
v -0.106764 -3.410702 -0.712398
v -0.369908 -3.377948 -0.683129
v -0.461430 -2.174450 -0.914793
v -0.129039 -2.175514 -0.964100
v 0.195748 -2.174450 -0.914793
v 0.458810 -2.498876 -0.777412
v 0.442523 -2.837151 -0.756905
v 0.393255 -3.128503 -0.697726
v 0.372570 -3.371204 0.038946
v 0.415169 -3.406384 -0.203526
v 0.389835 -3.376039 -0.452172
v 0.607217 -2.166111 -0.528552
v 0.641370 -2.159902 -0.240926
v 0.562864 -2.153692 0.046701
v 0.384176 -2.477978 0.264913
v 0.382753 -2.820415 0.261016
v 0.350262 -3.116464 0.239674
v -0.400809 -3.369295 0.269903
v -0.137600 -3.402067 0.305346
v 0.122201 -3.369295 0.269903
v 0.091837 -2.145353 0.432941
v -0.240554 -2.144289 0.482249
v -0.565341 -2.145354 0.432941
v -1.009996 -1.362548 0.473793
v -1.065717 -1.364100 0.126649
v -0.998908 -1.365653 -0.220495
v -0.511546 -1.367737 -0.686659
v -0.153212 -1.368004 -0.746170
v 0.203222 -1.367738 -0.686659
v 0.675694 -1.365653 -0.220495
v 0.731416 -1.364100 0.126649
v 0.664606 -1.362548 0.473793
v 0.177245 -1.360464 0.939957
v -0.181090 -1.360197 0.999468
v -0.537524 -1.360463 0.939957
v -0.772334 -1.901493 -0.735817
v -0.798615 -1.687296 -0.684169
v -0.814490 -1.513999 -0.609185
v 0.468656 -1.513999 -0.609185
v 0.455736 -1.687296 -0.684169
v 0.453221 -1.901493 -0.735817
v 0.430323 -1.503265 0.603155
v 0.397445 -1.670973 0.462509
v 0.378773 -1.880647 0.352221
v -0.846783 -1.880647 0.352221
v -0.856907 -1.670973 0.462509
v -0.852824 -1.503265 0.603155
v -0.824014 -0.825006 1.021729
v -0.886514 -0.825007 0.657146
v -0.824014 -0.825006 0.292562
v -0.334431 -0.825006 -0.197021
v 0.030153 -0.825006 -0.259521
v 0.394736 -0.825006 -0.197021
v 0.884319 -0.825006 0.292562
v 0.946819 -0.825006 0.657146
v 0.884319 -0.825006 1.021729
v 0.394736 -0.825006 1.511312
v 0.030153 -0.825007 1.573812
v -0.334431 -0.825007 1.511312
v 0.541396 -1.232659 -0.381714
v 0.596142 -1.102526 -0.244479
v 0.651144 -0.969117 -0.114417
v 0.650827 -0.969028 1.217919
v 0.593607 -1.101816 1.080882
v 0.532843 -1.230263 0.924713
v -0.789384 -1.230263 0.924713
v -0.736435 -1.101816 1.080882
v -0.682095 -0.969028 1.217920
v -0.681778 -0.969117 -0.114417
v -0.733901 -1.102526 -0.244479
v -0.780830 -1.232659 -0.381714
v -0.697651 0.117311 0.883931
v -0.757631 0.117311 0.534045
v -0.697651 0.117311 0.184158
v -0.227803 0.117311 -0.285689
v 0.122083 0.117311 -0.345670
v 0.471970 0.117311 -0.285689
v 0.941817 0.117311 0.184158
v 1.001798 0.117311 0.534045
v 0.941817 0.117311 0.883931
v 0.471970 0.117311 1.353778
v 0.122083 0.117311 1.413759
v -0.227803 0.117311 1.353779
v 0.726199 -0.661046 1.386206
v 0.742769 -0.461187 1.391381
v 0.752628 -0.207659 1.325278
v -0.558030 -0.207659 1.325279
v -0.583845 -0.461187 1.391382
v -0.606294 -0.661046 1.386206
v -0.606294 -0.661046 0.053713
v -0.583845 -0.461187 0.064767
v -0.558030 -0.207659 0.014621
v 0.752628 -0.207659 0.014621
v 0.742769 -0.461187 0.064767
v 0.726199 -0.661046 0.053713
v -0.409484 1.981498 -0.136962
v -0.456503 1.981498 -0.411241
v -0.409484 1.981498 -0.685520
v -0.041166 1.981498 -1.053838
v 0.233113 1.981498 -1.100857
v 0.507392 1.981498 -1.053838
v 0.875710 1.981498 -0.685520
v 0.922729 1.981498 -0.411241
v 0.875710 1.981498 -0.136962
v 0.507392 1.981498 0.231355
v 0.233113 1.981498 0.278375
v -0.041166 1.981498 0.231356
v 0.773796 0.523595 0.933259
v 0.780421 0.989469 0.640799
v 0.770967 1.485311 0.343973
v -0.316382 1.485311 0.343973
v -0.383977 0.989469 0.640799
v -0.456118 0.523595 0.933259
v -0.456118 0.523595 -0.296654
v -0.383977 0.989469 -0.523599
v -0.316382 1.485311 -0.743376
v 0.770967 1.485311 -0.743376
v 0.780421 0.989469 -0.523599
v 0.773796 0.523595 -0.296654
v -0.458414 3.612133 -0.263076
v -0.489798 3.612133 -0.446153
v -0.458414 3.612133 -0.629229
v -0.212568 3.612134 -0.875074
v -0.029492 3.612134 -0.906459
v 0.153584 3.612133 -0.875074
v 0.399430 3.612134 -0.629229
v 0.430814 3.612134 -0.446153
v 0.399430 3.612133 -0.263076
v 0.153584 3.612133 -0.017231
v -0.029492 3.612133 0.014154
v -0.212568 3.612133 -0.017231
v 0.663821 2.452077 -0.997331
v 0.563327 2.885777 -0.997445
v 0.441152 3.274996 -0.922261
v 0.441152 3.274996 -0.176629
v 0.563327 2.885777 -0.168637
v 0.663821 2.452077 -0.081598
v -0.251912 2.452077 -0.081598
v -0.265480 2.885777 -0.168637
v -0.304480 3.274996 -0.176629
v -0.304480 3.274996 -0.922261
v -0.265480 2.885777 -0.997445
v -0.251912 2.452077 -0.997331
v -0.720513 4.467859 0.382583
v -0.742361 4.467859 0.255137
v -0.720513 4.467859 0.127690
v -0.549370 4.467859 -0.043452
v -0.421923 4.467860 -0.065300
v -0.294477 4.467859 -0.043452
v -0.123334 4.467859 0.127690
v -0.101486 4.467860 0.255137
v -0.123334 4.467859 0.382583
v -0.294477 4.467859 0.553726
v -0.421923 4.467859 0.575574
v -0.549370 4.467859 0.553726
v 0.164099 3.892400 0.016951
v 0.027690 4.122258 0.180879
v -0.093464 4.310986 0.348567
v -0.595113 4.310987 0.348567
v -0.519659 4.122258 0.180879
v -0.439183 3.892399 0.016951
v -0.439183 3.892399 -0.586332
v -0.519659 4.122259 -0.366471
v -0.595113 4.310986 -0.153082
v -0.093464 4.310986 -0.153082
v 0.027690 4.122259 -0.366471
v 0.164099 3.892399 -0.586332
v -0.753924 4.895799 0.533708
v -0.771790 4.895799 0.429488
v -0.753924 4.895799 0.325267
v -0.613971 4.895799 0.185314
v -0.509750 4.895799 0.167448
v -0.405530 4.895799 0.185314
v -0.265576 4.895799 0.325267
v -0.247710 4.895799 0.429488
v -0.265576 4.895799 0.533708
v -0.405530 4.895799 0.673662
v -0.509750 4.895799 0.691528
v -0.613971 4.895799 0.673662
v -0.251436 4.601115 0.135635
v -0.287509 4.714831 0.197460
v -0.306841 4.812046 0.225806
v -0.306841 4.812046 0.627318
v -0.287509 4.714831 0.617211
v -0.251436 4.601115 0.575559
v -0.691360 4.601115 0.575559
v -0.707260 4.714831 0.617211
v -0.708354 4.812046 0.627318
v -0.708354 4.812046 0.225806
v -0.707260 4.714831 0.197460
v -0.691360 4.601115 0.135635
v -0.675388 5.149637 0.500031
v -0.687441 5.149637 0.429727
v -0.675388 5.149637 0.359422
v -0.580979 5.149637 0.265013
v -0.510675 5.149637 0.252961
v -0.440370 5.149637 0.265014
v -0.345961 5.149637 0.359422
v -0.333909 5.149637 0.429727
v -0.345961 5.149637 0.500031
v -0.440370 5.149637 0.594440
v -0.510675 5.149636 0.606493
v -0.580979 5.149636 0.594440
v -0.688053 4.969013 0.607395
v -0.673205 5.034157 0.592343
v -0.656644 5.093582 0.575707
v -0.656644 5.093581 0.283740
v -0.673205 5.034158 0.267051
v -0.688053 4.969014 0.251858
v -0.332516 4.969014 0.607395
v -0.347913 5.034158 0.592343
v -0.364677 5.093581 0.575707
v -0.364677 5.093580 0.283740
v -0.347913 5.034158 0.267051
v -0.332516 4.969014 0.251858
v -0.594893 5.352973 0.465674
v -0.601055 5.352973 0.429727
v -0.594893 5.352973 0.393780
v -0.546622 5.352972 0.345509
v -0.510675 5.352973 0.339346
v -0.474728 5.352973 0.345509
v -0.426457 5.352973 0.393780
v -0.420294 5.352973 0.429727
v -0.426457 5.352973 0.465674
v -0.474728 5.352973 0.513945
v -0.510675 5.352973 0.520107
v -0.546622 5.352973 0.513945
v -0.399548 5.204141 0.540853
v -0.416284 5.256772 0.524118
v -0.431643 5.306669 0.508758
v -0.589706 5.306669 0.508758
v -0.605065 5.256772 0.524118
v -0.621801 5.204142 0.540854
v -0.621801 5.204142 0.318600
v -0.605066 5.256771 0.335336
v -0.589706 5.306668 0.350695
v -0.431643 5.306668 0.350695
v -0.416284 5.256771 0.335336
v -0.399548 5.204142 0.318600
v -0.544995 5.475956 0.447770
v -0.546750 5.478543 0.429727
v -0.544995 5.475955 0.411683
v -0.528718 5.475956 0.395406
v -0.510675 5.478543 0.393652
v -0.492631 5.475955 0.395406
v -0.476354 5.475956 0.411683
v -0.474600 5.478543 0.429727
v -0.476354 5.475955 0.447770
v -0.492631 5.475955 0.464048
v -0.510675 5.478544 0.465802
v -0.528718 5.475955 0.464048
v -0.455794 5.394597 0.374846
v -0.464973 5.429530 0.384025
v -0.473323 5.455695 0.392375
v -0.473323 5.455695 0.467079
v -0.464973 5.429530 0.475428
v -0.455794 5.394597 0.484607
v -0.565555 5.394596 0.484607
v -0.556376 5.429530 0.475428
v -0.548027 5.455695 0.467079
v -0.548027 5.455695 0.392375
v -0.556376 5.429530 0.384025
v -0.565555 5.394597 0.374846
v -0.794670 -3.137153 0.030929
v -0.890921 -2.829007 0.030561
v -0.945089 -2.483313 0.028782
v -0.828660 -3.156325 -0.225837
v -0.927352 -2.838444 -0.247034
v -0.979988 -2.489635 -0.256136
v -0.770533 -3.143912 -0.485579
v -0.858027 -2.838218 -0.525540
v -0.904248 -2.494749 -0.541168
v -0.390077 -3.147868 -0.825808
v -0.421812 -2.844225 -0.900682
v -0.443500 -2.502405 -0.924068
v -0.107506 -3.164002 -0.868932
v -0.110587 -2.849768 -0.948645
v -0.117308 -2.503979 -0.972958
v 0.171015 -3.147868 -0.825808
v 0.195050 -2.844225 -0.900682
v 0.201890 -2.502405 -0.924068
v 0.523213 -3.143912 -0.485579
v 0.588364 -2.838219 -0.525540
v 0.607953 -2.494748 -0.541168
v 0.558814 -3.156325 -0.225837
v 0.625287 -2.838443 -0.247034
v 0.642914 -2.489635 -0.256136
v 0.499077 -3.137153 0.030929
v 0.555469 -2.829008 0.030561
v 0.567112 -2.483313 0.028782
v 0.118620 -3.133197 0.371158
v 0.119255 -2.823001 0.405703
v 0.106364 -2.475656 0.411683
v -0.162339 -3.148648 0.417257
v -0.191477 -2.827118 0.454577
v -0.219767 -2.475290 0.460686
v -0.442471 -3.133197 0.371158
v -0.497607 -2.823001 0.405703
v -0.539026 -2.475656 0.411683
v -0.388350 -3.515168 -0.459076
v -0.107644 -3.562308 -0.470345
v 0.169052 -3.515168 -0.459076
v -0.407996 -3.560437 -0.189010
v -0.111692 -3.612019 -0.184150
v 0.179349 -3.560437 -0.189010
v -0.402520 -3.511200 0.072151
v -0.121003 -3.558567 0.092324
v 0.154882 -3.511200 0.072151
v 0.186026 -1.904425 -0.888823
v -0.145598 -1.905402 -0.939824
v -0.484200 -1.904425 -0.888823
v 0.179745 -1.689591 -0.845420
v -0.160510 -1.690356 -0.899171
v -0.506229 -1.689591 -0.845420
v 0.183334 -1.515508 -0.779670
v -0.165730 -1.516012 -0.836499
v -0.518387 -1.515508 -0.779670
v 0.720719 -1.230806 0.628726
v 0.785037 -1.231461 0.271500
v 0.725397 -1.232116 -0.085726
v 0.781219 -1.101977 0.780605
v 0.844258 -1.102171 0.418201
v 0.782605 -1.102365 0.055798
v 0.838341 -0.969048 0.916062
v 0.900908 -0.969073 0.551751
v 0.838514 -0.969097 0.187440
v 0.567984 -1.885370 0.105712
v 0.645789 -1.891070 -0.191798
v 0.608698 -1.896770 -0.489309
v 0.587045 -1.674671 0.202715
v 0.661781 -1.679134 -0.110830
v 0.618923 -1.683598 -0.424374
v 0.619451 -1.505697 0.328484
v 0.690080 -1.508632 -0.003015
v 0.640414 -1.511567 -0.334514
v -0.961545 -1.896770 -0.489309
v -1.039351 -1.891070 -0.191798
v -1.002260 -1.885370 0.105712
v -0.988215 -1.683598 -0.424374
v -1.062951 -1.679134 -0.110830
v -1.020093 -1.674671 0.202715
v -1.003618 -1.511567 -0.334514
v -1.074247 -1.508632 -0.003015
v -1.024581 -1.505697 0.328484
v -0.579587 -1.877715 0.505226
v -0.247964 -1.876738 0.556228
v 0.090638 -1.877715 0.505226
v -0.580915 -1.668678 0.623761
v -0.240661 -1.667913 0.677511
v 0.105058 -1.668678 0.623761
v -0.567501 -1.501756 0.773640
v -0.218438 -1.501253 0.830468
v 0.134220 -1.501756 0.773640
v -0.304401 -0.661046 1.573588
v 0.059953 -0.661046 1.636048
v 0.424306 -0.661046 1.573588
v -0.283284 -0.461187 1.577937
v 0.079462 -0.461187 1.640122
v 0.442208 -0.461187 1.577937
v -0.261084 -0.207659 1.509590
v 0.097299 -0.207659 1.571027
v 0.455682 -0.207659 1.509590
v -0.968706 -1.232116 -0.085726
v -1.033025 -1.231461 0.271500
v -0.973384 -1.230806 0.628726
v -0.921512 -1.102365 0.055798
v -0.984551 -1.102171 0.418201
v -0.922898 -1.101977 0.780605
v -0.869292 -0.969097 0.187440
v -0.931860 -0.969073 0.551751
v -0.869466 -0.969048 0.916062
v -0.491020 -1.229926 1.108429
v -0.129874 -1.229814 1.169668
v 0.232073 -1.229927 1.108429
v -0.435454 -1.101717 1.267261
v -0.071889 -1.101683 1.329387
v 0.291913 -1.101717 1.267261
v -0.380150 -0.969016 1.405279
v -0.015693 -0.969012 1.467733
v 0.348792 -0.969016 1.405280
v 0.243032 -1.232995 -0.565430
v -0.118113 -1.233108 -0.626669
v -0.480060 -1.232995 -0.565430
v 0.295161 -1.102626 -0.430858
v -0.068404 -1.102659 -0.492984
v -0.432206 -1.102626 -0.430858
v 0.349198 -0.969129 -0.301777
v -0.015258 -0.969134 -0.364231
v -0.379744 -0.969129 -0.301777
v -0.177465 0.523595 1.106216
v 0.158839 0.523595 1.163868
v 0.495144 0.523595 1.106216
v -0.120168 0.989469 0.804542
v 0.198222 0.989469 0.859124
v 0.516612 0.989469 0.804542
v -0.070029 1.485311 0.496881
v 0.227293 1.485311 0.547851
v 0.524615 1.485311 0.496881
v 0.424306 -0.661046 -0.133669
v 0.059953 -0.661046 -0.196130
v -0.304401 -0.661046 -0.133669
v 0.442208 -0.461187 -0.121788
v 0.079462 -0.461187 -0.183973
v -0.283284 -0.461187 -0.121788
v 0.455682 -0.207659 -0.169691
v 0.097299 -0.207659 -0.231128
v -0.261084 -0.207659 -0.169691
v 0.913581 -0.661046 1.084313
v 0.976042 -0.661046 0.719959
v 0.913581 -0.661046 0.355606
v 0.929325 -0.461187 1.090821
v 0.991510 -0.461187 0.728074
v 0.929325 -0.461187 0.365328
v 0.936940 -0.207659 1.028333
v 0.998377 -0.207659 0.669949
v 0.936940 -0.207659 0.311566
v -0.793676 -0.661046 0.355606
v -0.856137 -0.661046 0.719959
v -0.793676 -0.661046 1.084313
v -0.770401 -0.461187 0.365328
v -0.832586 -0.461187 0.728074
v -0.770401 -0.461187 1.090820
v -0.742341 -0.207659 0.311567
v -0.803778 -0.207659 0.669950
v -0.742341 -0.207659 1.028333
v 0.792596 2.452077 -0.289069
v 0.835521 2.452077 -0.539465
v 0.792596 2.452077 -0.789860
v 0.679878 2.885777 -0.356414
v 0.718728 2.885777 -0.583041
v 0.679878 2.885777 -0.809668
v 0.546006 3.274996 -0.345561
v 0.580958 3.274996 -0.549445
v 0.546006 3.274996 -0.753329
v 0.495144 0.523595 -0.469611
v 0.158839 0.523595 -0.527263
v -0.177465 0.523595 -0.469611
v 0.516612 0.989469 -0.687342
v 0.198222 0.989469 -0.741923
v -0.120168 0.989469 -0.687342
v 0.524615 1.485311 -0.896284
v 0.227293 1.485311 -0.947254
v -0.070029 1.485311 -0.896284
v 0.946752 0.523595 0.654607
v 1.004405 0.523595 0.318302
v 0.946752 0.523595 -0.018002
v 0.944164 0.989469 0.376990
v 0.998745 0.989469 0.058600
v 0.944164 0.989469 -0.259790
v 0.923875 1.485311 0.097621
v 0.974845 1.485311 -0.199701
v 0.923875 1.485311 -0.497023
v -0.629074 0.523595 -0.018002
v -0.686726 0.523595 0.318302
v -0.629074 0.523595 0.654607
v -0.547721 0.989469 -0.259790
v -0.602302 0.989469 0.058600
v -0.547721 0.989469 0.376990
v -0.469290 1.485311 -0.497023
v -0.520260 1.485311 -0.199701
v -0.469290 1.485311 0.097621
v -0.302502 3.892399 0.101787
v -0.137542 3.892399 0.130066
v 0.027418 3.892399 0.101787
v -0.395650 4.122258 0.257850
v -0.245984 4.122258 0.283507
v -0.096319 4.122258 0.257850
v -0.481458 4.310986 0.419111
v -0.344289 4.310986 0.442626
v -0.207119 4.310987 0.419112
v -0.380687 2.452077 -0.789860
v -0.423612 2.452077 -0.539465
v -0.380687 2.452077 -0.289069
v -0.382031 2.885777 -0.809668
v -0.420882 2.885777 -0.583041
v -0.382031 2.885777 -0.356414
v -0.409334 3.274996 -0.753329
v -0.444286 3.274996 -0.549445
v -0.409334 3.274996 -0.345561
v -0.044441 2.452077 0.047177
v 0.205955 2.452077 0.090102
v 0.456350 2.452077 0.047177
v -0.077703 2.885777 -0.052086
v 0.148923 2.885777 -0.013236
v 0.375550 2.885777 -0.052086
v -0.135548 3.274996 -0.071775
v 0.068336 3.274996 -0.036823
v 0.272220 3.274996 -0.071775
v 0.456350 2.452077 -1.126106
v 0.205955 2.452077 -1.169031
v -0.044441 2.452077 -1.126106
v 0.375550 2.885777 -1.113996
v 0.148923 2.885777 -1.152846
v -0.077703 2.885777 -1.113996
v 0.272220 3.274996 -1.027115
v 0.068336 3.274996 -1.062067
v -0.135548 3.274996 -1.027115
v -0.189572 4.601115 0.475889
v -0.168950 4.601115 0.355597
v -0.189572 4.601115 0.235306
v -0.228482 4.714831 0.522111
v -0.208806 4.714831 0.407336
v -0.228482 4.714831 0.292560
v -0.250379 4.812047 0.536351
v -0.231558 4.812046 0.426562
v -0.250379 4.812047 0.316773
v 0.027418 3.892399 -0.671168
v -0.137542 3.892399 -0.699447
v -0.302502 3.892399 -0.671168
v -0.096319 4.122258 -0.443442
v -0.245984 4.122259 -0.469099
v -0.395650 4.122258 -0.443442
v -0.207119 4.310986 -0.223626
v -0.344289 4.310986 -0.247141
v -0.481458 4.310986 -0.223626
v 0.248936 3.892399 -0.119731
v 0.277215 3.892399 -0.284691
v 0.248936 3.892399 -0.449651
v 0.104661 4.122258 0.056870
v 0.130318 4.122259 -0.092796
v 0.104661 4.122258 -0.242462
v -0.022920 4.310986 0.234912
v 0.000595 4.310986 0.097743
v -0.022920 4.310986 -0.039427
v -0.524020 3.892399 -0.449651
v -0.552298 3.892399 -0.284691
v -0.524019 3.892400 -0.119731
v -0.596630 4.122258 -0.242462
v -0.622287 4.122258 -0.092796
v -0.596630 4.122258 0.056870
v -0.665658 4.310987 -0.039427
v -0.689172 4.310986 0.097743
v -0.665658 4.310987 0.234912
v -0.738051 4.969013 0.332409
v -0.754716 4.969013 0.429626
v -0.738050 4.969013 0.526843
v -0.718950 5.034157 0.340750
v -0.734197 5.034156 0.429697
v -0.718949 5.034157 0.518644
v -0.697702 5.093580 0.349889
v -0.711388 5.093581 0.429723
v -0.697702 5.093582 0.509558
v -0.753224 4.601116 0.235306
v -0.773845 4.601115 0.355597
v -0.753224 4.601115 0.475889
v -0.766288 4.714831 0.292560
v -0.785964 4.714831 0.407335
v -0.766288 4.714831 0.522111
v -0.764817 4.812046 0.316773
v -0.783638 4.812046 0.426562
v -0.764817 4.812046 0.536351
v -0.591689 4.601115 0.637424
v -0.471398 4.601115 0.658045
v -0.351106 4.601116 0.637424
v -0.612160 4.714831 0.676238
v -0.497385 4.714831 0.695914
v -0.382609 4.714831 0.676239
v -0.617386 4.812046 0.683781
v -0.507598 4.812046 0.702602
v -0.397809 4.812046 0.683781
v -0.351106 4.601115 0.073771
v -0.471398 4.601115 0.053150
v -0.591689 4.601115 0.073771
v -0.382609 4.714831 0.138432
v -0.497385 4.714831 0.118757
v -0.612160 4.714831 0.138432
v -0.397809 4.812047 0.169343
v -0.507598 4.812046 0.150522
v -0.617386 4.812047 0.169343
v -0.571447 5.204142 0.572108
v -0.510675 5.204142 0.582526
v -0.449903 5.204141 0.572108
v -0.562295 5.256773 0.550665
v -0.510675 5.256772 0.559514
v -0.459055 5.256773 0.550665
v -0.553895 5.306669 0.530986
v -0.510675 5.306669 0.538395
v -0.467455 5.306667 0.530986
v -0.607502 4.969013 0.657392
v -0.510285 4.969014 0.674058
v -0.413068 4.969013 0.657392
v -0.599506 5.034156 0.638087
v -0.510559 5.034158 0.653335
v -0.421612 5.034157 0.638087
v -0.590495 5.093581 0.616764
v -0.510661 5.093581 0.630450
v -0.430826 5.093580 0.616764
v -0.413068 4.969014 0.201860
v -0.510285 4.969013 0.185195
v -0.607502 4.969014 0.201860
v -0.421612 5.034157 0.221307
v -0.510559 5.034158 0.206059
v -0.599506 5.034157 0.221307
v -0.430826 5.093581 0.242682
v -0.510660 5.093581 0.228996
v -0.590495 5.093581 0.242682
v -0.282519 4.969014 0.526843
v -0.265853 4.969013 0.429626
v -0.282519 4.969014 0.332409
v -0.302169 5.034157 0.518644
v -0.286921 5.034158 0.429697
v -0.302169 5.034157 0.340750
v -0.323619 5.093581 0.509558
v -0.309933 5.093581 0.429723
v -0.323619 5.093581 0.349889
v -0.440378 5.394644 0.459745
v -0.435245 5.394692 0.429727
v -0.440378 5.394644 0.399709
v -0.452269 5.429912 0.454760
v -0.448082 5.430293 0.429727
v -0.452269 5.429912 0.404694
v -0.463645 5.457120 0.450426
v -0.460531 5.458368 0.429727
v -0.463645 5.457120 0.409028
v -0.449902 5.204141 0.287346
v -0.510675 5.204142 0.276928
v -0.571447 5.204142 0.287346
v -0.459055 5.256772 0.308789
v -0.510675 5.256772 0.299940
v -0.562295 5.256771 0.308789
v -0.467454 5.306668 0.328468
v -0.510675 5.306669 0.321059
v -0.553895 5.306668 0.328468
v -0.368294 5.204141 0.490499
v -0.357876 5.204142 0.429727
v -0.368294 5.204142 0.368955
v -0.389737 5.256772 0.481347
v -0.380888 5.256772 0.429727
v -0.389737 5.256771 0.378107
v -0.409416 5.306668 0.472947
v -0.402007 5.306669 0.429727
v -0.409416 5.306668 0.386507
v -0.653056 5.204142 0.368955
v -0.663474 5.204142 0.429727
v -0.653056 5.204142 0.490499
v -0.631613 5.256773 0.378107
v -0.640462 5.256772 0.429727
v -0.631613 5.256772 0.481347
v -0.611934 5.306668 0.386507
v -0.619343 5.306668 0.429727
v -0.611934 5.306669 0.472947
v -0.492357 5.486979 0.411409
v -0.510675 5.490712 0.410765
v -0.528992 5.486979 0.411409
v -0.491713 5.490713 0.429727
v -0.510675 5.494786 0.429727
v -0.529637 5.490712 0.429727
v -0.492357 5.486980 0.448044
v -0.510675 5.490713 0.448689
v -0.528992 5.486980 0.448044
v -0.580972 5.394644 0.399709
v -0.586105 5.394691 0.429727
v -0.580972 5.394644 0.459745
v -0.569080 5.429912 0.404694
v -0.573268 5.430293 0.429727
v -0.569080 5.429912 0.454759
v -0.557704 5.457120 0.409028
v -0.560819 5.458368 0.429727
v -0.557704 5.457120 0.450426
v -0.540693 5.394644 0.500024
v -0.510675 5.394692 0.505157
v -0.480657 5.394644 0.500024
v -0.535707 5.429912 0.488132
v -0.510675 5.430293 0.492320
v -0.485642 5.429912 0.488132
v -0.531374 5.457120 0.476756
v -0.510675 5.458368 0.479871
v -0.489976 5.457120 0.476756
v -0.480657 5.394644 0.359430
v -0.510675 5.394692 0.354297
v -0.540693 5.394644 0.359430
v -0.485642 5.429912 0.371321
v -0.510675 5.430293 0.367134
v -0.535707 5.429912 0.371321
v -0.489976 5.457120 0.382697
v -0.510675 5.458368 0.379583
v -0.531374 5.457120 0.382697
vt 0.437188 0.062500
vt 0.497504 0.062500
vt 0.495660 0.125000
vt 0.436957 0.125000
vt 0.553155 0.062500
vt 0.547418 0.125000
vt 0.494900 0.187500
vt 0.436863 0.187500
vt 0.545234 0.187500
vt 0.375000 0.000000
vt 0.437500 0.000000
vt 0.375000 0.062500
vt 0.500000 0.000000
vt 0.562500 0.000000
vt 0.625000 0.000000
vt 0.595920 0.062500
vt 0.586806 0.125000
vt 0.583767 0.187500
vt 0.583333 0.250000
vt 0.544922 0.250000
vt 0.494792 0.250000
vt 0.436849 0.250000
vt 0.375000 0.187500
vt 0.375000 0.250000
vt 0.375000 0.125000
vt 0.436849 0.312500
vt 0.494792 0.312500
vt 0.494792 0.375000
vt 0.436849 0.375000
vt 0.544922 0.312500
vt 0.544922 0.375000
vt 0.494792 0.437500
vt 0.436849 0.437500
vt 0.544922 0.437500
vt 0.375000 0.312500
vt 0.583333 0.312500
vt 0.583333 0.375000
vt 0.583333 0.437500
vt 0.583333 0.500000
vt 0.544922 0.500000
vt 0.494792 0.500000
vt 0.436849 0.500000
vt 0.375000 0.437500
vt 0.375000 0.500000
vt 0.375000 0.375000
vt 0.436849 0.562500
vt 0.494792 0.562500
vt 0.494792 0.625000
vt 0.436849 0.625000
vt 0.544922 0.562500
vt 0.544922 0.625000
vt 0.494792 0.687500
vt 0.436849 0.687500
vt 0.544922 0.687500
vt 0.375000 0.562500
vt 0.583333 0.562500
vt 0.583333 0.625000
vt 0.583333 0.687500
vt 0.583333 0.750000
vt 0.544922 0.750000
vt 0.494792 0.750000
vt 0.436849 0.750000
vt 0.375000 0.687500
vt 0.375000 0.750000
vt 0.375000 0.625000
vt 0.436863 0.812500
vt 0.494900 0.812500
vt 0.495660 0.875000
vt 0.436957 0.875000
vt 0.545234 0.812500
vt 0.547418 0.875000
vt 0.497504 0.937500
vt 0.437188 0.937500
vt 0.553155 0.937500
vt 0.375000 0.812500
vt 0.583767 0.812500
vt 0.586806 0.875000
vt 0.595920 0.937500
vt 0.625000 1.000000
vt 0.562500 1.000000
vt 0.500000 1.000000
vt 0.437500 1.000000
vt 0.375000 0.937500
vt 0.375000 1.000000
vt 0.375000 0.875000
vt 0.187500 0.562500
vt 0.250000 0.562500
vt 0.250000 0.625000
vt 0.187500 0.625000
vt 0.312500 0.562500
vt 0.312500 0.625000
vt 0.250000 0.687500
vt 0.187500 0.687500
vt 0.312500 0.687500
vt 0.125000 0.500000
vt 0.187500 0.500000
vt 0.125000 0.562500
vt 0.250000 0.500000
vt 0.312500 0.500000
vt 0.312500 0.750000
vt 0.250000 0.750000
vt 0.187500 0.750000
vt 0.125000 0.687500
vt 0.125000 0.750000
vt 0.125000 0.625000
vt 0.607422 0.437500
vt 0.607422 0.375000
vt 0.619792 0.375000
vt 0.619792 0.437500
vt 0.607422 0.312500
vt 0.619792 0.312500
vt 0.624349 0.375000
vt 0.624349 0.437500
vt 0.624349 0.312500
vt 0.607422 0.500000
vt 0.607422 0.250000
vt 0.619792 0.250000
vt 0.624349 0.250000
vt 0.625000 0.250000
vt 0.625000 0.312500
vt 0.625000 0.375000
vt 0.625000 0.437500
vt 0.624349 0.500000
vt 0.625000 0.500000
vt 0.619792 0.500000
vt 0.625000 0.687500
vt 0.625000 0.625000
vt 0.625000 0.625000
vt 0.625000 0.687500
vt 0.625000 0.562500
vt 0.625000 0.562500
vt 0.625000 0.625000
vt 0.625000 0.687500
vt 0.625000 0.562500
vt 0.625000 0.750000
vt 0.625000 0.687500
vt 0.625000 0.750000
vt 0.625000 0.625000
vt 0.625000 0.562500
vt 0.625000 0.500000
vt 0.625000 0.500000
vt 0.625000 0.500000
vt 0.625000 0.500000
vt 0.625000 0.562500
vt 0.625000 0.625000
vt 0.625000 0.687500
vt 0.625000 0.750000
vt 0.625000 0.750000
vt 0.625000 0.750000
vt 0.607422 0.687500
vt 0.607422 0.625000
vt 0.619792 0.625000
vt 0.619792 0.687500
vt 0.607422 0.562500
vt 0.619792 0.562500
vt 0.624349 0.625000
vt 0.624349 0.687500
vt 0.624349 0.562500
vt 0.607422 0.750000
vt 0.624349 0.750000
vt 0.619792 0.750000
vt 0.607734 0.187500
vt 0.609918 0.125000
vt 0.620660 0.125000
vt 0.619900 0.187500
vt 0.615655 0.062500
vt 0.622504 0.062500
vt 0.624458 0.125000
vt 0.624363 0.187500
vt 0.624688 0.062500
vt 0.625000 0.000000
vt 0.625000 0.000000
vt 0.625000 0.000000
vt 0.625000 0.000000
vt 0.625000 0.062500
vt 0.625000 0.125000
vt 0.625000 0.187500
vt 0.615655 0.937500
vt 0.609918 0.875000
vt 0.620660 0.875000
vt 0.622504 0.937500
vt 0.607734 0.812500
vt 0.619900 0.812500
vt 0.624457 0.875000
vt 0.624688 0.937500
vt 0.624363 0.812500
vt 0.625000 1.000000
vt 0.625000 0.812500
vt 0.625000 0.875000
vt 0.625000 0.937500
vt 0.625000 1.000000
vt 0.625000 1.000000
vt 0.625000 1.000000
vt 0.625000 0.937500
vt 0.625000 0.875000
vt 0.625000 0.875000
vt 0.625000 0.937500
vt 0.625000 0.812500
vt 0.625000 0.812500
vt 0.625000 0.875000
vt 0.625000 0.937500
vt 0.625000 0.812500
vt 0.625000 1.000000
vt 0.625000 0.937500
vt 0.625000 1.000000
vt 0.625000 0.875000
vt 0.625000 0.812500
vt 0.625000 0.750000
vt 0.625000 0.750000
vt 0.625000 0.750000
vt 0.625000 0.750000
vt 0.625000 0.812500
vt 0.625000 0.875000
vt 0.625000 0.937500
vt 0.625000 1.000000
vt 0.625000 1.000000
vt 0.625000 1.000000
vt 0.625000 0.187500
vt 0.625000 0.125000
vt 0.625000 0.125000
vt 0.625000 0.187500
vt 0.625000 0.062500
vt 0.625000 0.062500
vt 0.625000 0.125000
vt 0.625000 0.187500
vt 0.625000 0.062500
vt 0.625000 0.250000
vt 0.625000 0.000000
vt 0.625000 0.000000
vt 0.625000 0.000000
vt 0.625000 0.000000
vt 0.625000 0.062500
vt 0.625000 0.125000
vt 0.625000 0.187500
vt 0.625000 0.250000
vt 0.625000 0.250000
vt 0.625000 0.250000
vt 0.625000 0.937500
vt 0.625000 0.875000
vt 0.625000 0.875000
vt 0.625000 0.937500
vt 0.625000 0.812500
vt 0.625000 0.812500
vt 0.625000 0.875000
vt 0.625000 0.937500
vt 0.625000 0.812500
vt 0.625000 1.000000
vt 0.625000 1.000000
vt 0.625000 1.000000
vt 0.625000 0.437500
vt 0.625000 0.375000
vt 0.625000 0.375000
vt 0.625000 0.437500
vt 0.625000 0.312500
vt 0.625000 0.312500
vt 0.625000 0.375000
vt 0.625000 0.437500
vt 0.625000 0.312500
vt 0.625000 0.312500
vt 0.625000 0.375000
vt 0.625000 0.437500
vt 0.625000 0.937500
vt 0.625000 0.875000
vt 0.625000 0.875000
vt 0.625000 0.937500
vt 0.625000 0.812500
vt 0.625000 0.812500
vt 0.625000 0.875000
vt 0.625000 0.937500
vt 0.625000 0.812500
vt 0.625000 1.000000
vt 0.625000 0.750000
vt 0.625000 0.750000
vt 0.625000 0.750000
vt 0.625000 0.750000
vt 0.625000 0.812500
vt 0.625000 0.875000
vt 0.625000 0.937500
vt 0.625000 1.000000
vt 0.625000 1.000000
vt 0.625000 1.000000
vt 0.625000 0.437500
vt 0.625000 0.375000
vt 0.625000 0.375000
vt 0.625000 0.437500
vt 0.625000 0.312500
vt 0.625000 0.312500
vt 0.625000 0.375000
vt 0.625000 0.437500
vt 0.625000 0.312500
vt 0.625000 0.500000
vt 0.625000 0.250000
vt 0.625000 0.250000
vt 0.625000 0.250000
vt 0.625000 0.250000
vt 0.625000 0.312500
vt 0.625000 0.375000
vt 0.625000 0.437500
vt 0.625000 0.500000
vt 0.625000 0.500000
vt 0.625000 0.500000
vt 0.625000 0.687500
vt 0.625000 0.625000
vt 0.625000 0.625000
vt 0.625000 0.687500
vt 0.625000 0.562500
vt 0.625000 0.562500
vt 0.625000 0.625000
vt 0.625000 0.687500
vt 0.625000 0.562500
vt 0.625000 0.562500
vt 0.625000 0.625000
vt 0.625000 0.687500
vt 0.625000 0.187500
vt 0.625000 0.125000
vt 0.625000 0.125000
vt 0.625000 0.187500
vt 0.625000 0.062500
vt 0.625000 0.062500
vt 0.625000 0.125000
vt 0.625000 0.187500
vt 0.625000 0.062500
vt 0.625000 0.000000
vt 0.625000 0.000000
vt 0.625000 0.000000
vt 0.625000 0.000000
vt 0.625000 0.062500
vt 0.625000 0.125000
vt 0.625000 0.187500
vt 0.625000 0.687500
vt 0.625000 0.625000
vt 0.625000 0.625000
vt 0.625000 0.687500
vt 0.625000 0.562500
vt 0.625000 0.562500
vt 0.625000 0.625000
vt 0.625000 0.687500
vt 0.625000 0.562500
vt 0.625000 0.687500
vt 0.625000 0.750000
vt 0.625000 0.625000
vt 0.625000 0.562500
vt 0.625000 0.500000
vt 0.625000 0.500000
vt 0.625000 0.500000
vt 0.625000 0.500000
vt 0.625000 0.500000
vt 0.625000 0.562500
vt 0.625000 0.625000
vt 0.625000 0.687500
vt 0.625000 0.750000
vt 0.625000 0.750000
vt 0.625000 0.750000
vt 0.625000 0.437500
vt 0.625000 0.375000
vt 0.625000 0.375000
vt 0.625000 0.437500
vt 0.625000 0.312500
vt 0.625000 0.312500
vt 0.625000 0.375000
vt 0.625000 0.437500
vt 0.625000 0.312500
vt 0.625000 0.500000
vt 0.625000 0.250000
vt 0.625000 0.250000
vt 0.625000 0.250000
vt 0.625000 0.250000
vt 0.625000 0.312500
vt 0.625000 0.375000
vt 0.625000 0.437500
vt 0.625000 0.500000
vt 0.625000 0.500000
vt 0.625000 0.687500
vt 0.625000 0.625000
vt 0.625000 0.625000
vt 0.625000 0.687500
vt 0.625000 0.562500
vt 0.625000 0.562500
vt 0.625000 0.625000
vt 0.625000 0.687500
vt 0.625000 0.562500
vt 0.625000 0.187500
vt 0.625000 0.125000
vt 0.625000 0.125000
vt 0.625000 0.187500
vt 0.625000 0.062500
vt 0.625000 0.062500
vt 0.625000 0.125000
vt 0.625000 0.187500
vt 0.625000 0.062500
vt 0.625000 0.000000
vt 0.625000 0.000000
vt 0.625000 0.000000
vt 0.625000 0.000000
vt 0.625000 0.062500
vt 0.625000 0.125000
vt 0.625000 0.187500
vt 0.625000 0.937500
vt 0.625000 0.875000
vt 0.625000 0.875000
vt 0.625000 0.937500
vt 0.625000 0.812500
vt 0.625000 0.812500
vt 0.625000 0.875000
vt 0.625000 0.937500
vt 0.625000 0.812500
vt 0.625000 1.000000
vt 0.625000 0.937500
vt 0.625000 1.000000
vt 0.625000 0.875000
vt 0.625000 0.812500
vt 0.625000 0.750000
vt 0.625000 0.750000
vt 0.625000 0.750000
vt 0.625000 0.750000
vt 0.625000 0.812500
vt 0.625000 0.875000
vt 0.625000 0.937500
vt 0.625000 1.000000
vt 0.625000 1.000000
vt 0.625000 1.000000
vt 0.625000 0.187500
vt 0.625000 0.125000
vt 0.625000 0.125000
vt 0.625000 0.187500
vt 0.625000 0.062500
vt 0.625000 0.062500
vt 0.625000 0.125000
vt 0.625000 0.187500
vt 0.625000 0.062500
vt 0.625000 0.250000
vt 0.625000 0.000000
vt 0.625000 0.000000
vt 0.625000 0.000000
vt 0.625000 0.000000
vt 0.625000 0.062500
vt 0.625000 0.125000
vt 0.625000 0.187500
vt 0.625000 0.250000
vt 0.625000 0.250000
vt 0.625000 0.250000
vt 0.625000 0.937500
vt 0.625000 0.875000
vt 0.625000 0.875000
vt 0.625000 0.937500
vt 0.625000 0.812500
vt 0.625000 0.812500
vt 0.625000 0.875000
vt 0.625000 0.937500
vt 0.625000 0.812500
vt 0.625000 1.000000
vt 0.625000 1.000000
vt 0.625000 1.000000
vt 0.625000 0.437500
vt 0.625000 0.375000
vt 0.625000 0.375000
vt 0.625000 0.437500
vt 0.625000 0.312500
vt 0.625000 0.312500
vt 0.625000 0.375000
vt 0.625000 0.437500
vt 0.625000 0.312500
vt 0.625000 0.312500
vt 0.625000 0.375000
vt 0.625000 0.437500
vt 0.625000 0.687500
vt 0.625000 0.625000
vt 0.625000 0.625000
vt 0.625000 0.687500
vt 0.625000 0.562500
vt 0.625000 0.562500
vt 0.625000 0.625000
vt 0.625000 0.687500
vt 0.625000 0.562500
vt 0.625000 0.687500
vt 0.625000 0.750000
vt 0.625000 0.625000
vt 0.625000 0.562500
vt 0.625000 0.500000
vt 0.625000 0.500000
vt 0.625000 0.500000
vt 0.625000 0.500000
vt 0.625000 0.500000
vt 0.625000 0.562500
vt 0.625000 0.625000
vt 0.625000 0.687500
vt 0.625000 0.750000
vt 0.625000 0.750000
vt 0.625000 0.750000
vt 0.625000 0.437500
vt 0.625000 0.375000
vt 0.625000 0.375000
vt 0.625000 0.437500
vt 0.625000 0.312500
vt 0.625000 0.312500
vt 0.625000 0.375000
vt 0.625000 0.437500
vt 0.625000 0.312500
vt 0.625000 0.500000
vt 0.625000 0.250000
vt 0.625000 0.250000
vt 0.625000 0.250000
vt 0.625000 0.250000
vt 0.625000 0.312500
vt 0.625000 0.375000
vt 0.625000 0.437500
vt 0.625000 0.500000
vt 0.625000 0.500000
vt 0.625000 0.687500
vt 0.625000 0.625000
vt 0.625000 0.625000
vt 0.625000 0.687500
vt 0.625000 0.562500
vt 0.625000 0.562500
vt 0.625000 0.625000
vt 0.625000 0.687500
vt 0.625000 0.562500
vt 0.625000 0.187500
vt 0.625000 0.125000
vt 0.625000 0.125000
vt 0.625000 0.187500
vt 0.625000 0.062500
vt 0.625000 0.062500
vt 0.625000 0.125000
vt 0.625000 0.187500
vt 0.625000 0.062500
vt 0.625000 0.000000
vt 0.625000 0.000000
vt 0.625000 0.000000
vt 0.625000 0.000000
vt 0.625000 0.062500
vt 0.625000 0.125000
vt 0.625000 0.187500
vt 0.625000 0.187500
vt 0.625000 0.125000
vt 0.625000 0.125000
vt 0.625000 0.187500
vt 0.625000 0.062500
vt 0.625000 0.062500
vt 0.625000 0.125000
vt 0.625000 0.187500
vt 0.625000 0.062500
vt 0.625000 0.250000
vt 0.625000 0.187500
vt 0.625000 0.250000
vt 0.625000 0.125000
vt 0.625000 0.062500
vt 0.625000 0.000000
vt 0.625000 0.000000
vt 0.625000 0.000000
vt 0.625000 0.000000
vt 0.625000 0.000000
vt 0.625000 0.062500
vt 0.625000 0.125000
vt 0.625000 0.187500
vt 0.625000 0.250000
vt 0.625000 0.250000
vt 0.625000 0.250000
vt 0.625000 0.187500
vt 0.625000 0.125000
vt 0.625000 0.125000
vt 0.625000 0.187500
vt 0.625000 0.062500
vt 0.625000 0.062500
vt 0.625000 0.125000
vt 0.625000 0.187500
vt 0.625000 0.062500
vt 0.625000 0.250000
vt 0.625000 0.000000
vt 0.625000 0.000000
vt 0.625000 0.000000
vt 0.625000 0.250000
vt 0.625000 0.250000
vt 0.625000 0.937500
vt 0.625000 0.875000
vt 0.625000 0.875000
vt 0.625000 0.937500
vt 0.625000 0.812500
vt 0.625000 0.812500
vt 0.625000 0.875000
vt 0.625000 0.937500
vt 0.625000 0.812500
vt 0.625000 1.000000
vt 0.625000 0.812500
vt 0.625000 0.875000
vt 0.625000 0.937500
vt 0.625000 1.000000
vt 0.625000 1.000000
vt 0.625000 1.000000
vt 0.625000 0.437500
vt 0.625000 0.375000
vt 0.625000 0.375000
vt 0.625000 0.437500
vt 0.625000 0.312500
vt 0.625000 0.312500
vt 0.625000 0.375000
vt 0.625000 0.437500
vt 0.625000 0.312500
vt 0.625000 0.312500
vt 0.625000 0.375000
vt 0.625000 0.437500
vt 0.625000 0.937500
vt 0.625000 0.875000
vt 0.625000 0.875000
vt 0.625000 0.937500
vt 0.625000 0.812500
vt 0.625000 0.812500
vt 0.625000 0.875000
vt 0.625000 0.937500
vt 0.625000 0.812500
vt 0.625000 1.000000
vt 0.625000 0.937500
vt 0.625000 1.000000
vt 0.625000 0.875000
vt 0.625000 0.812500
vt 0.625000 0.750000
vt 0.625000 0.750000
vt 0.625000 0.750000
vt 0.625000 0.750000
vt 0.625000 0.750000
vt 0.625000 0.812500
vt 0.625000 0.875000
vt 0.625000 0.937500
vt 0.625000 1.000000
vt 0.625000 1.000000
vt 0.625000 1.000000
vt 0.625000 0.937500
vt 0.625000 0.875000
vt 0.625000 0.875000
vt 0.625000 0.937500
vt 0.625000 0.812500
vt 0.625000 0.812500
vt 0.625000 0.875000
vt 0.625000 0.937500
vt 0.625000 0.812500
vt 0.625000 1.000000
vt 0.625000 0.750000
vt 0.625000 0.750000
vt 0.625000 0.750000
vt 0.625000 1.000000
vt 0.625000 1.000000
vt 0.625000 0.437500
vt 0.625000 0.375000
vt 0.625000 0.375000
vt 0.625000 0.437500
vt 0.625000 0.312500
vt 0.625000 0.312500
vt 0.625000 0.375000
vt 0.625000 0.437500
vt 0.625000 0.312500
vt 0.625000 0.500000
vt 0.625000 0.312500
vt 0.625000 0.375000
vt 0.625000 0.437500
vt 0.625000 0.500000
vt 0.625000 0.500000
vt 0.625000 0.500000
vt 0.625000 0.687500
vt 0.625000 0.625000
vt 0.625000 0.625000
vt 0.625000 0.687500
vt 0.625000 0.562500
vt 0.625000 0.562500
vt 0.625000 0.625000
vt 0.625000 0.687500
vt 0.625000 0.562500
vt 0.625000 0.562500
vt 0.625000 0.625000
vt 0.625000 0.687500
vt 0.625312 0.687500
vt 0.625434 0.625000
vt 0.628472 0.625000
vt 0.627496 0.687500
vt 0.625312 0.562500
vt 0.627496 0.562500
vt 0.637587 0.625000
vt 0.634264 0.687500
vt 0.634264 0.562500
vt 0.625000 0.687500
vt 0.625109 0.750000
vt 0.625000 0.625000
vt 0.625000 0.562500
vt 0.625000 0.500000
vt 0.625109 0.500000
vt 0.625868 0.500000
vt 0.627604 0.500000
vt 0.625000 0.500000
vt 0.653700 0.562500
vt 0.659722 0.625000
vt 0.653700 0.687500
vt 0.627604 0.750000
vt 0.625000 0.750000
vt 0.625868 0.750000
vt 0.625000 0.437500
vt 0.625000 0.375000
vt 0.625000 0.375000
vt 0.625000 0.437500
vt 0.625000 0.312500
vt 0.625000 0.312500
vt 0.625000 0.375000
vt 0.625000 0.437500
vt 0.625000 0.312500
vt 0.625000 0.500000
vt 0.625000 0.250000
vt 0.625000 0.250000
vt 0.625000 0.250000
vt 0.625000 0.250000
vt 0.625000 0.312500
vt 0.625000 0.375000
vt 0.625000 0.437500
vt 0.625000 0.500000
vt 0.625000 0.500000
vt 0.625000 0.687500
vt 0.625000 0.625000
vt 0.625000 0.625000
vt 0.625000 0.687500
vt 0.625000 0.562500
vt 0.625000 0.562500
vt 0.625000 0.625000
vt 0.625000 0.687500
vt 0.625000 0.562500
vt 0.625000 0.187500
vt 0.625000 0.125000
vt 0.625000 0.125000
vt 0.625000 0.187500
vt 0.625000 0.062500
vt 0.625000 0.062500
vt 0.625000 0.125000
vt 0.625000 0.187500
vt 0.625000 0.062500
vt 0.625000 0.000000
vt 0.625000 0.000000
vt 0.625000 0.000000
vt 0.625000 0.000000
vt 0.625000 0.062500
vt 0.625000 0.125000
vt 0.625000 0.187500
vt 0.696533 0.562500
vt 0.752387 0.562500
vt 0.753472 0.625000
vt 0.700087 0.625000
vt 0.812798 0.562500
vt 0.812934 0.625000
vt 0.752387 0.687500
vt 0.696533 0.687500
vt 0.812798 0.687500
vt 0.687500 0.500000
vt 0.750000 0.500000
vt 0.812500 0.500000
vt 0.875000 0.500000
vt 0.875000 0.562500
vt 0.875000 0.625000
vt 0.875000 0.687500
vt 0.875000 0.750000
vt 0.812500 0.750000
vt 0.750000 0.750000
vt 0.687500 0.750000
vt 0.625000 0.187500
vt 0.625000 0.125000
vt 0.625000 0.125000
vt 0.625000 0.187500
vt 0.625000 0.062500
vt 0.625000 0.062500
vt 0.625000 0.125000
vt 0.625000 0.187500
vt 0.625000 0.062500
vt 0.625000 0.250000
vt 0.625000 0.000000
vt 0.625000 0.000000
vt 0.625000 0.000000
vt 0.625000 0.000000
vt 0.625000 0.062500
vt 0.625000 0.125000
vt 0.625000 0.187500
vt 0.625000 0.250000
vt 0.625000 0.250000
vt 0.625000 0.250000
vt 0.625000 0.937500
vt 0.625000 0.875000
vt 0.625000 0.875000
vt 0.625000 0.937500
vt 0.625014 0.812500
vt 0.625109 0.812500
vt 0.625000 0.875000
vt 0.625000 0.937500
vt 0.625231 0.812500
vt 0.625000 1.000000
vt 0.625000 0.812500
vt 0.625000 0.875000
vt 0.625000 0.937500
vt 0.625000 1.000000
vt 0.625000 1.000000
vt 0.625000 1.000000
vt 0.625014 0.437500
vt 0.625000 0.375000
vt 0.625000 0.375000
vt 0.625109 0.437500
vt 0.625000 0.312500
vt 0.625000 0.312500
vt 0.625000 0.375000
vt 0.625231 0.437500
vt 0.625000 0.312500
vt 0.625000 0.312500
vt 0.625000 0.375000
vt 0.625000 0.437500
vn -0.8591 -0.3943 0.3263
vn -0.9182 -0.2089 0.3365
vn -0.9730 -0.2242 -0.0537
vn -0.9008 -0.4327 -0.0349
vn -0.9351 -0.1245 0.3316
vn -0.9905 -0.1191 -0.0688
vn -0.8813 -0.2173 -0.4196
vn -0.8274 -0.4162 -0.3769
vn -0.8919 -0.0983 -0.4414
vn -0.5773 -0.5421 0.6106
vn -0.6557 -0.3264 0.6808
vn -0.6681 -0.6701 0.3233
vn -0.6844 -0.1658 0.7099
vn -0.6904 -0.1071 0.7154
vn -0.6872 -0.1686 0.7066
vn -0.9365 -0.1337 0.3241
vn -0.9930 -0.0899 -0.0770
vn -0.8917 -0.0445 -0.4504
vn -0.6378 0.0019 -0.7702
vn -0.6422 -0.0675 -0.7635
vn -0.6427 -0.1956 -0.7407
vn -0.6161 -0.3852 -0.6870
vn -0.6415 -0.6895 -0.3362
vn -0.5433 -0.5954 -0.5918
vn -0.6909 -0.7228 -0.0141
vn -0.3070 -0.3862 -0.8698
vn -0.3176 -0.1723 -0.9324
vn 0.0018 -0.1611 -0.9869
vn 0.0015 -0.3969 -0.9178
vn -0.3123 -0.0386 -0.9492
vn 0.0023 -0.0230 -0.9997
vn 0.3332 -0.1604 -0.9291
vn 0.3191 -0.3799 -0.8682
vn 0.3305 -0.0196 -0.9436
vn -0.2981 -0.6778 -0.6720
vn -0.3080 0.0380 -0.9506
vn 0.0027 0.0585 -0.9983
vn 0.3268 0.0673 -0.9427
vn 0.6862 0.0595 -0.7249
vn 0.6903 -0.0230 -0.7232
vn 0.6856 -0.1613 -0.7098
vn 0.6521 -0.3613 -0.6665
vn 0.3083 -0.6758 -0.6695
vn 0.5716 -0.5823 -0.5781
vn 0.0014 -0.7100 -0.7041
vn 0.8750 -0.3638 -0.3193
vn 0.9290 -0.1501 -0.3382
vn 0.9905 -0.1253 0.0561
vn 0.9350 -0.3514 0.0467
vn 0.9400 -0.0252 -0.3402
vn 0.9977 -0.0229 0.0631
vn 0.8986 -0.0940 0.4284
vn 0.8673 -0.2912 0.4035
vn 0.8987 -0.0198 0.4380
vn 0.6785 -0.6677 -0.3062
vn 0.9391 0.0303 -0.3422
vn 0.9979 -0.0120 0.0628
vn 0.8968 -0.0615 0.4380
vn 0.6413 -0.1130 0.7588
vn 0.6476 -0.0205 0.7617
vn 0.6552 -0.0669 0.7524
vn 0.6479 -0.2311 0.7258
vn 0.6949 -0.6100 0.3808
vn 0.5893 -0.4731 0.6548
vn 0.7290 -0.6836 0.0353
vn 0.3243 -0.2336 0.9166
vn 0.3241 -0.0564 0.9443
vn -0.0019 -0.0707 0.9975
vn -0.0006 -0.2663 0.9639
vn 0.3149 -0.0273 0.9487
vn -0.0024 -0.0435 0.9990
vn -0.3367 -0.1099 0.9351
vn -0.3278 -0.2848 0.9008
vn -0.3322 -0.0725 0.9404
vn 0.3287 -0.5748 0.7494
vn 0.3079 -0.1493 0.9396
vn -0.0032 -0.1685 0.9857
vn -0.3271 -0.1774 0.9282
vn -0.3213 -0.6118 0.7228
vn 0.0021 -0.6275 0.7786
vn -0.3252 -0.8815 -0.3422
vn 0.0018 -0.9344 -0.3561
vn 0.0027 -0.9999 0.0117
vn -0.3525 -0.9358 0.0017
vn 0.3388 -0.8798 -0.3332
vn 0.3699 -0.9288 0.0221
vn 0.0033 -0.9155 0.4022
vn -0.3413 -0.8663 0.3648
vn 0.3565 -0.8476 0.3930
vn 0.3240 0.1496 -0.9341
vn 0.0016 0.1396 -0.9902
vn -0.0010 0.2647 -0.9643
vn 0.3186 0.2637 -0.9105
vn -0.3099 0.1137 -0.9439
vn -0.3129 0.2403 -0.9189
vn -0.0035 0.4321 -0.9018
vn 0.3070 0.4057 -0.8609
vn -0.3052 0.4201 -0.8545
vn 0.6809 0.1268 -0.7213
vn -0.6414 0.0659 -0.7643
vn -0.6465 0.1809 -0.7411
vn -0.6332 0.3573 -0.6866
vn -0.5852 0.5457 -0.5997
vn -0.2786 0.5993 -0.7505
vn -0.0023 0.5934 -0.8049
vn 0.2920 0.5382 -0.7906
vn 0.6626 0.2975 -0.6872
vn 0.6540 0.3707 -0.6594
vn 0.6733 0.2076 -0.7096
vn 0.7186 -0.6415 0.2685
vn 0.9181 -0.3962 -0.0034
vn 0.9146 -0.4042 -0.0056
vn 0.7326 -0.6252 0.2691
vn 0.9349 -0.0069 -0.3548
vn 0.9348 -0.0438 -0.3523
vn 0.9355 -0.3532 -0.0013
vn 0.7859 -0.5451 0.2918
vn 0.9359 -0.0602 -0.3471
vn 0.4674 -0.7432 0.4786
vn 0.7460 -0.5986 0.2917
vn 0.4561 -0.7653 0.4541
vn 0.9436 -0.3310 0.0054
vn 0.9338 0.0377 -0.3558
vn 0.6558 0.3974 -0.6418
vn 0.6676 0.3736 -0.6439
vn 0.6876 0.3023 -0.6601
vn 0.7095 0.1909 -0.6784
vn 0.9388 -0.0558 -0.3397
vn 0.9681 -0.2504 0.0085
vn 0.8590 -0.3914 0.3299
vn 0.5384 -0.6543 0.5310
vn 0.6196 -0.4802 0.6208
vn 0.4797 -0.7397 0.4718
vn 0.8875 -0.1876 0.4208
vn 0.9968 -0.0586 0.0533
vn 0.9902 -0.1343 0.0370
vn 0.8566 -0.3457 0.3831
vn 0.9365 0.0524 -0.3467
vn 0.9338 0.0652 -0.3517
vn 0.9728 -0.2308 0.0196
vn 0.8023 -0.4944 0.3345
vn 0.9326 0.0642 -0.3550
vn 0.6207 -0.3075 0.7212
vn 0.5115 -0.6635 0.5459
vn 0.5724 -0.5126 0.6400
vn -0.8957 -0.0045 -0.4446
vn -0.9934 -0.0882 -0.0729
vn -0.9965 -0.0593 -0.0589
vn -0.9019 0.0781 -0.4249
vn -0.9280 -0.1921 0.3192
vn -0.9171 -0.2408 0.3175
vn -0.9989 0.0269 -0.0388
vn -0.8932 0.2249 -0.3893
vn -0.9154 -0.2428 0.3211
vn -0.6686 -0.3050 0.6782
vn -0.6374 -0.4379 0.6340
vn -0.6125 -0.5210 0.5945
vn -0.6126 -0.5348 0.5820
vn -0.9255 -0.1817 0.3323
vn -0.9861 0.1650 -0.0154
vn -0.8498 0.4040 -0.3386
vn -0.3121 -0.3728 0.8738
vn -0.0039 -0.3901 0.9207
vn -0.0041 -0.5949 0.8037
vn -0.2856 -0.5566 0.7801
vn 0.2915 -0.3734 0.8806
vn 0.2608 -0.5865 0.7668
vn -0.0043 -0.7242 0.6896
vn -0.2610 -0.6747 0.6903
vn 0.2288 -0.7249 0.6497
vn 0.2100 -0.7884 0.5782
vn -0.0050 -0.7797 0.6261
vn -0.2522 -0.7210 0.6454
vn -0.3429 -0.1337 0.9298
vn 0.0025 -0.1878 0.9822
vn 0.0020 0.1204 0.9927
vn -0.3442 0.1431 0.9279
vn 0.3432 -0.2179 0.9136
vn 0.3502 0.0877 0.9325
vn 0.0008 0.3475 0.9377
vn -0.3297 0.3523 0.8759
vn 0.3364 0.3099 0.8892
vn -0.6820 -0.2246 0.6959
vn -0.3245 -0.3906 0.8614
vn -0.6926 -0.0473 0.7197
vn 0.0000 -0.4730 0.8810
vn 0.3056 -0.5036 0.8081
vn 0.6817 -0.2211 0.6974
vn 0.6984 0.0415 0.7145
vn 0.6855 0.2269 0.6918
vn 0.6685 0.3320 0.6654
vn 0.3207 0.4367 0.8404
vn 0.0006 0.4781 0.8783
vn -0.3120 0.4776 0.8213
vn -0.6676 0.3163 0.6740
vn -0.6422 0.4234 0.6389
vn -0.6884 0.1533 0.7089
vn -0.7899 0.5373 -0.2956
vn -0.9568 0.2907 0.0022
vn -0.9386 0.3449 0.0102
vn -0.7664 0.5784 -0.2795
vn -0.9333 -0.0953 0.3463
vn -0.9338 -0.0301 0.3565
vn -0.9481 0.3178 0.0129
vn -0.7980 0.5284 -0.2897
vn -0.9315 0.0013 0.3638
vn -0.5276 0.6689 -0.5235
vn -0.6297 -0.4984 0.5959
vn -0.6502 -0.4339 0.6236
vn -0.6680 -0.3459 0.6588
vn -0.9287 0.0134 0.3706
vn -0.9738 0.2267 0.0158
vn -0.8672 0.3867 -0.3138
vn -0.5440 0.6481 -0.5329
vn -0.6216 0.4927 -0.6089
vn -0.5097 0.7002 -0.4998
vn -0.2585 -0.7144 0.6502
vn -0.0055 -0.7844 0.6202
vn -0.0055 -0.7477 0.6640
vn -0.2760 -0.6651 0.6939
vn 0.2087 -0.8002 0.5622
vn 0.2241 -0.7703 0.5969
vn -0.0041 -0.6546 0.7559
vn -0.3002 -0.5635 0.7696
vn 0.2578 -0.6835 0.6829
vn 0.2828 0.6142 -0.7367
vn 0.0012 0.6895 -0.7243
vn 0.0029 0.7060 -0.7082
vn 0.2863 0.6186 -0.7317
vn -0.2488 0.7082 -0.6607
vn -0.2414 0.7317 -0.6375
vn 0.0038 0.6453 -0.7639
vn 0.3064 0.5481 -0.7783
vn -0.2608 0.6772 -0.6880
vn -0.3033 0.5181 -0.7997
vn 0.0051 0.4824 -0.8759
vn 0.3386 0.3886 -0.8569
vn -0.3011 0.5330 0.7907
vn 0.0013 0.5349 0.8449
vn 0.0017 0.5399 0.8417
vn -0.3007 0.5351 0.7895
vn 0.3124 0.4930 0.8120
vn 0.3115 0.5018 0.8069
vn 0.0022 0.5061 0.8625
vn -0.3089 0.4954 0.8118
vn 0.3172 0.4771 0.8196
vn -0.6268 0.4731 0.6191
vn 0.6591 0.3805 0.6486
vn 0.6567 0.3945 0.6427
vn 0.6603 0.3863 0.6440
vn 0.6691 0.3587 0.6508
vn 0.3289 0.4170 0.8473
vn 0.0030 0.4276 0.9039
vn -0.3246 0.4057 0.8544
vn -0.6434 0.4284 0.6344
vn -0.6706 0.3352 0.6617
vn -0.6279 0.4718 0.6190
vn 0.3615 0.1536 -0.9196
vn 0.0041 0.2156 -0.9764
vn 0.0014 -0.0626 -0.9980
vn 0.3603 -0.0863 -0.9288
vn -0.3458 0.2502 -0.9043
vn -0.3587 -0.0253 -0.9331
vn -0.0005 -0.2604 -0.9655
vn 0.3457 -0.2644 -0.9003
vn -0.3510 -0.2154 -0.9113
vn 0.7209 0.0529 -0.6910
vn -0.6934 0.2514 -0.6753
vn -0.7154 0.0286 -0.6980
vn -0.7097 -0.1151 -0.6950
vn -0.7003 -0.1907 -0.6879
vn -0.3406 -0.3197 -0.8841
vn -0.0012 -0.3719 -0.9283
vn 0.3316 -0.3702 -0.8677
vn 0.6973 -0.2170 -0.6830
vn 0.6797 -0.3007 -0.6690
vn 0.7147 -0.0933 -0.6931
vn 0.9126 -0.1898 0.3620
vn 0.9910 -0.1325 0.0161
vn 0.9987 -0.0493 0.0143
vn 0.9297 -0.0093 0.3682
vn 0.9404 -0.0533 -0.3359
vn 0.9376 -0.0779 -0.3388
vn 0.9998 -0.0126 0.0093
vn 0.9268 0.1062 0.3603
vn 0.9318 -0.1218 -0.3420
vn 0.9250 -0.1632 -0.3432
vn 1.0000 -0.0034 0.0050
vn 0.9210 0.1672 0.3518
vn -0.9203 0.2085 -0.3309
vn -0.9896 0.1428 0.0179
vn -0.9930 0.1175 0.0138
vn -0.9369 0.0806 -0.3402
vn -0.9260 0.0569 0.3732
vn -0.9199 0.1432 0.3651
vn -0.9912 0.1320 0.0077
vn -0.9382 0.0155 -0.3456
vn -0.9066 0.2344 0.3509
vn -0.8900 0.3068 0.3374
vn -0.9872 0.1596 0.0025
vn -0.9369 -0.0090 -0.3494
vn 0.9032 0.2742 0.3301
vn 0.9761 0.2170 -0.0099
vn 0.9552 0.2957 -0.0092
vn 0.8979 0.2922 0.3292
vn 0.9212 0.1494 -0.3593
vn 0.8936 0.2827 -0.3487
vn 0.9283 0.3718 -0.0075
vn 0.8934 0.3061 0.3288
vn 0.8501 0.4103 -0.3300
vn 0.9086 0.2531 0.3322
vn 0.6791 0.3173 0.6619
vn 0.9905 0.1371 -0.0089
vn 0.9324 0.0165 -0.3610
vn 0.7019 -0.1040 -0.7046
vn 0.7014 0.0677 -0.7095
vn 0.6801 0.2459 -0.6906
vn 0.6381 0.4164 -0.6477
vn 0.5777 0.5712 -0.5831
vn 0.7913 0.5309 -0.3033
vn 0.8944 0.4473 -0.0043
vn 0.8899 0.3150 0.3299
vn 0.7011 0.1976 0.6851
vn 0.7117 0.1065 0.6944
vn 0.6897 0.2651 0.6738
vn 0.3257 -0.4090 -0.8524
vn -0.0005 -0.4135 -0.9105
vn 0.0004 -0.3999 -0.9165
vn 0.3288 -0.3908 -0.8597
vn -0.3341 -0.3598 -0.8712
vn -0.3335 -0.3511 -0.8749
vn 0.0018 -0.3381 -0.9411
vn 0.3384 -0.3205 -0.8847
vn -0.3368 -0.3016 -0.8920
vn 0.6716 -0.3313 -0.6627
vn -0.6935 -0.2215 -0.6855
vn -0.6913 -0.2203 -0.6881
vn -0.6920 -0.1938 -0.6954
vn -0.6940 -0.1398 -0.7063
vn -0.3418 -0.2055 -0.9170
vn 0.0037 -0.2182 -0.9759
vn 0.3504 -0.1874 -0.9176
vn 0.6890 -0.2352 -0.6855
vn 0.6762 -0.3083 -0.6691
vn 0.9176 0.1973 0.3449
vn 1.0000 0.0041 0.0010
vn 0.9996 0.0280 -0.0020
vn 0.9149 0.2170 0.3404
vn 0.9216 -0.1776 -0.3450
vn 0.9246 -0.1526 -0.3490
vn 0.9974 0.0714 -0.0052
vn 0.9121 0.2342 0.3364
vn 0.9305 -0.0892 -0.3551
vn -0.9353 -0.0183 -0.3533
vn -0.9846 0.1748 -0.0016
vn -0.9858 0.1680 -0.0039
vn -0.9341 -0.0235 -0.3562
vn -0.8800 0.3424 0.3292
vn -0.8824 0.3371 0.3283
vn -0.9900 0.1408 -0.0057
vn -0.9329 -0.0269 -0.3592
vn -0.8954 0.2963 0.3323
vn -0.9156 0.2167 0.3388
vn -0.9956 0.0934 -0.0081
vn -0.9313 -0.0277 -0.3630
vn -0.2979 -0.5424 0.7855
vn 0.0042 -0.4734 0.8808
vn 0.0044 -0.6023 0.7983
vn -0.2669 -0.6575 0.7046
vn 0.3464 -0.3131 0.8842
vn 0.3263 -0.4523 0.8300
vn 0.0047 -0.6445 0.7646
vn -0.2554 -0.6917 0.6755
vn 0.3154 -0.5076 0.8018
vn -0.6652 -0.3614 0.6534
vn -0.3326 -0.3482 0.8764
vn -0.6034 -0.5343 0.5919
vn 0.0046 -0.2686 0.9632
vn 0.3615 -0.1216 0.9244
vn 0.7149 -0.0052 0.6991
vn 0.7103 -0.1101 0.6952
vn 0.7018 -0.1768 0.6900
vn 0.6952 -0.1760 0.6969
vn 0.3213 -0.4567 0.8295
vn 0.0038 -0.5839 0.8118
vn -0.2747 -0.6295 0.7268
vn -0.5308 -0.6691 0.5200
vn -0.5671 -0.6046 0.5593
vn -0.5492 -0.6393 0.5381
vn -0.9307 -0.0233 -0.3650
vn -0.9993 0.0347 -0.0091
vn -0.9996 -0.0271 -0.0100
vn -0.9304 -0.0152 -0.3661
vn -0.9324 0.1083 0.3448
vn -0.9380 -0.0130 0.3463
vn -0.9956 -0.0928 -0.0117
vn -0.9301 -0.0023 -0.3672
vn -0.9287 -0.1462 0.3408
vn -0.6971 -0.0632 -0.7142
vn -0.6974 0.1965 0.6891
vn -0.7109 0.0304 0.7027
vn -0.7030 -0.1585 0.6933
vn -0.8986 -0.2920 0.3273
vn -0.9861 -0.1653 -0.0133
vn -0.9301 0.0170 -0.3670
vn -0.6936 0.1241 -0.7096
vn -0.6829 0.2376 -0.6908
vn -0.6977 0.0244 -0.7160
vn -0.3421 0.2661 0.9012
vn 0.0033 0.3053 0.9522
vn 0.0036 0.1494 0.9888
vn -0.3532 0.0906 0.9311
vn 0.3420 0.3252 0.8816
vn 0.3536 0.2094 0.9116
vn 0.0043 -0.0431 0.9991
vn -0.3521 -0.1182 0.9284
vn 0.3619 0.0631 0.9301
vn 0.3552 -0.0061 -0.9348
vn 0.0041 -0.0520 -0.9986
vn 0.0027 0.1325 -0.9911
vn 0.3468 0.1893 -0.9186
vn -0.3465 -0.0721 -0.9353
vn -0.3468 0.0782 -0.9347
vn 0.0002 0.3222 -0.9467
vn 0.3246 0.3818 -0.8654
vn -0.3402 0.2400 -0.9092
vn -0.3251 0.4073 -0.8535
vn -0.0030 0.5043 -0.8635
vn 0.2903 0.5579 -0.7775
vn 0.9149 0.1706 0.3657
vn 0.9241 0.3818 0.0137
vn 0.9617 0.2737 0.0131
vn 0.9178 0.1534 0.3663
vn 0.8001 0.5242 -0.2915
vn 0.8737 0.3668 -0.3195
vn 0.9782 0.2071 0.0089
vn 0.9181 0.1643 0.3605
vn 0.9093 0.2441 -0.3369
vn 0.9089 0.2090 0.3609
vn 0.6948 -0.1016 0.7119
vn 0.8723 0.4888 0.0126
vn 0.7146 0.6493 -0.2601
vn 0.4847 0.7334 -0.4766
vn 0.5645 0.6104 -0.5555
vn 0.6425 0.4312 -0.6334
vn 0.6836 0.2714 -0.6775
vn 0.6891 0.2275 -0.6880
vn 0.9121 0.2218 -0.3446
vn 0.9767 0.2144 0.0018
vn 0.9134 0.2093 0.3492
vn 0.6936 0.1112 0.7117
vn 0.6905 0.2022 0.6945
vn 0.6947 0.0038 0.7192
vn 0.2528 0.6912 -0.6770
vn -0.0053 0.6478 -0.7618
vn -0.0057 0.7320 -0.6812
vn 0.2252 0.7667 -0.6012
vn -0.3034 0.5504 -0.7778
vn -0.2824 0.6419 -0.7129
vn -0.0051 0.7585 -0.6517
vn 0.2161 0.7892 -0.5748
vn -0.2733 0.6731 -0.6872
vn 0.5126 0.6896 -0.5115
vn -0.6678 0.3436 -0.6602
vn -0.6532 0.4173 -0.6317
vn -0.6488 0.4415 -0.6197
vn -0.6649 0.3965 -0.6330
vn -0.2872 0.6262 -0.7248
vn -0.0045 0.7146 -0.6995
vn 0.2346 0.7473 -0.6216
vn 0.4484 0.7773 -0.4412
vn 0.4639 0.7580 -0.4585
vn 0.8885 0.3129 0.3356
vn 0.8592 0.5115 0.0017
vn 0.8349 0.5503 0.0070
vn 0.8914 0.2960 0.3432
vn 0.7280 0.6290 -0.2728
vn 0.6804 0.6888 -0.2502
vn 0.8354 0.5496 0.0103
vn 0.8992 0.2606 0.3515
vn 0.6688 0.7024 -0.2437
vn -0.9312 0.0349 -0.3629
vn -0.9706 -0.2401 -0.0125
vn -0.9543 -0.2987 -0.0112
vn -0.9327 0.0445 -0.3578
vn -0.8491 -0.4284 0.3088
vn -0.8020 -0.5214 0.2914
vn -0.9474 -0.3198 -0.0084
vn -0.9349 0.0419 -0.3524
vn -0.7850 -0.5495 0.2859
vn -0.8179 -0.4886 0.3037
vn -0.9597 -0.2811 -0.0008
vn -0.9380 0.0312 -0.3452
vn -0.9011 0.2666 -0.3418
vn -0.9648 0.2629 0.0000
vn -0.9445 0.3285 0.0000
vn -0.8818 0.3324 -0.3344
vn -0.9013 0.2657 0.3420
vn -0.8820 0.3319 0.3345
vn -0.9270 0.3750 0.0000
vn -0.8653 0.3789 -0.3281
vn -0.8653 0.3788 0.3281
vn -0.6940 0.2052 -0.6901
vn -0.9183 0.1924 -0.3460
vn -0.6806 0.2720 -0.6802
vn -0.9831 0.1828 0.0018
vn -0.9191 0.1798 0.3505
vn -0.6950 0.1799 0.6961
vn -0.6809 0.2701 0.6807
vn -0.6659 0.3368 0.6657
vn -0.6529 0.3839 0.6529
vn -0.6459 0.4069 0.6459
vn -0.8563 0.4015 0.3247
vn -0.9176 0.3975 0.0000
vn -0.8563 0.4016 -0.3247
vn -0.6529 0.3842 -0.6527
vn -0.6459 0.4069 -0.6459
vn -0.6657 0.3377 -0.6654
vn -0.9393 0.0420 -0.3403
vn -0.9838 -0.1790 0.0074
vn -0.9987 -0.0487 0.0117
vn -0.9380 0.0744 -0.3385
vn -0.8784 -0.3401 0.3359
vn -0.9220 -0.1443 0.3593
vn -0.9968 0.0796 0.0089
vn -0.9315 0.1254 -0.3414
vn -0.9312 0.0454 0.3615
vn -0.6883 0.3070 -0.6572
vn -0.6352 -0.4400 0.6346
vn -0.6885 -0.2081 0.6947
vn -0.7039 0.0229 0.7099
vn -0.7044 0.1821 -0.6860
vn -0.7030 0.2236 -0.6751
vn -0.3142 -0.4630 0.8288
vn -0.0003 -0.4204 0.9073
vn -0.0044 -0.1928 0.9812
vn -0.3466 -0.2230 0.9111
vn 0.3345 -0.3116 0.8894
vn 0.3433 -0.1210 0.9314
vn -0.0042 0.0305 0.9995
vn -0.3557 0.0174 0.9344
vn 0.3465 0.0614 0.9360
vn 0.3466 0.1898 0.9186
vn -0.0010 0.1808 0.9835
vn -0.3495 0.1786 0.9197
vn 0.2759 0.6248 -0.7304
vn -0.0051 0.5886 -0.8084
vn -0.0057 0.4101 -0.9120
vn 0.3172 0.4408 -0.8397
vn -0.3183 0.5007 -0.8050
vn -0.3440 0.3452 -0.8732
vn -0.0042 0.2558 -0.9667
vn 0.3404 0.2722 -0.9000
vn -0.3531 0.2285 -0.9073
vn -0.3485 0.2119 -0.9130
vn -0.0010 0.2164 -0.9763
vn 0.3455 0.2231 -0.9115
vn -0.3240 0.4057 0.8546
vn 0.0000 0.4016 0.9158
vn 0.0000 0.3954 0.9185
vn -0.3250 0.3995 0.8572
vn 0.3240 0.4057 0.8546
vn 0.3250 0.3995 0.8572
vn 0.0000 0.3790 0.9254
vn -0.3274 0.3831 0.8637
vn 0.3274 0.3831 0.8637
vn -0.3247 0.4016 0.8563
vn -0.6446 0.4111 0.6446
vn 0.0000 0.3975 0.9176
vn 0.3247 0.4017 0.8563
vn 0.6459 0.4070 0.6459
vn 0.6446 0.4111 0.6446
vn 0.6465 0.4050 0.6465
vn 0.6516 0.3884 0.6516
vn 0.6591 0.3619 0.6591
vn 0.3312 0.3568 0.8735
vn 0.0000 0.3530 0.9356
vn -0.3312 0.3568 0.8735
vn -0.6516 0.3884 0.6516
vn -0.6591 0.3619 0.6591
vn -0.6465 0.4050 0.6465
vn -0.3420 0.2679 0.9007
vn -0.0002 0.2668 0.9637
vn -0.0001 0.3304 0.9438
vn -0.3346 0.3330 0.8816
vn 0.3412 0.2716 0.8999
vn 0.3341 0.3348 0.8811
vn -0.0001 0.3756 0.9268
vn -0.3282 0.3792 0.8652
vn 0.3280 0.3797 0.8650
vn 0.6791 0.2775 0.6795
vn 0.6648 0.3403 0.6650
vn 0.6525 0.3851 0.6526
vn 0.3410 0.2741 -0.8992
vn -0.0002 0.2694 -0.9630
vn -0.0001 0.3317 -0.9434
vn 0.3339 0.3360 -0.8806
vn -0.3418 0.2704 -0.9000
vn -0.3345 0.3342 -0.8811
vn -0.0001 0.3760 -0.9266
vn 0.3279 0.3801 -0.8648
vn -0.3281 0.3795 -0.8650
vn 0.6788 0.2794 -0.6790
vn -0.3247 0.4017 -0.8563
vn 0.0000 0.3976 -0.9175
vn 0.3246 0.4017 -0.8563
vn 0.6524 0.3854 -0.6525
vn 0.6458 0.4071 -0.6459
vn 0.6646 0.3413 -0.6647
vn 0.8987 0.2754 0.3412
vn 0.9619 0.2733 0.0000
vn 0.9427 0.3336 0.0000
vn 0.8803 0.3366 0.3341
vn 0.8985 0.2763 -0.3410
vn 0.8802 0.3371 -0.3339
vn 0.9264 0.3766 0.0000
vn 0.8647 0.3803 0.3280
vn 0.8647 0.3805 -0.3279
vn 0.8562 0.4017 -0.3247
vn 0.9175 0.3977 0.0000
vn 0.8563 0.4017 0.3247
vn 0.8785 0.3421 0.3334
vn 0.9410 0.3385 0.0000
vn 0.9281 0.3722 0.0000
vn 0.8666 0.3743 0.3299
vn 0.8785 0.3421 -0.3334
vn 0.8666 0.3743 -0.3299
vn 0.8712 0.4910 0.0000
vn 0.8195 0.4798 0.3131
vn 0.8195 0.4798 -0.3131
vn 0.8735 0.3568 0.3312
vn 0.6632 0.3468 0.6632
vn 0.9356 0.3530 0.0000
vn 0.8735 0.3568 -0.3312
vn 0.6591 0.3619 -0.6591
vn 0.6632 0.3468 -0.6632
vn 0.6547 0.3777 -0.6547
vn 0.6239 0.4705 -0.6239
vn 0.5622 0.6065 -0.5622
vn 0.6627 0.6804 -0.3126
vn 0.7053 0.7089 0.0000
vn 0.6627 0.6804 0.3126
vn 0.6239 0.4705 0.6239
vn 0.5622 0.6065 0.5622
vn 0.6547 0.3777 0.6547
vn 0.3240 0.4057 -0.8546
vn 0.0000 0.4016 -0.9158
vn 0.0000 0.3954 -0.9185
vn 0.3250 0.3995 -0.8572
vn -0.3240 0.4057 -0.8546
vn -0.3250 0.3995 -0.8572
vn 0.0000 0.3790 -0.9254
vn 0.3274 0.3831 -0.8637
vn -0.3274 0.3831 -0.8637
vn 0.6446 0.4111 -0.6446
vn -0.6446 0.4111 -0.6446
vn -0.6465 0.4050 -0.6465
vn -0.6516 0.3884 -0.6516
vn -0.6591 0.3619 -0.6591
vn -0.3312 0.3568 -0.8735
vn 0.0000 0.3530 -0.9356
vn 0.3312 0.3568 -0.8735
vn 0.6516 0.3884 -0.6516
vn 0.6465 0.4050 -0.6465
vn 0.8546 0.4057 0.3240
vn 0.9158 0.4016 0.0000
vn 0.9185 0.3954 0.0000
vn 0.8572 0.3995 0.3250
vn 0.8546 0.4057 -0.3240
vn 0.8572 0.3995 -0.3250
vn 0.9254 0.3790 0.0000
vn 0.8637 0.3831 0.3274
vn 0.8637 0.3831 -0.3274
vn -0.8546 0.4057 -0.3240
vn -0.9158 0.4016 0.0000
vn -0.9185 0.3954 0.0000
vn -0.8571 0.3995 -0.3250
vn -0.8546 0.4057 0.3240
vn -0.8572 0.3995 0.3250
vn -0.9254 0.3790 0.0000
vn -0.8637 0.3831 -0.3274
vn -0.8637 0.3831 0.3274
vn -0.8735 0.3568 0.3312
vn -0.9356 0.3530 0.0000
vn -0.8735 0.3568 -0.3312
vn 0.3623 0.8588 -0.3623
vn 0.0000 0.9190 -0.3942
vn 0.0000 1.0000 0.0000
vn 0.3942 0.9190 0.0000
vn -0.3623 0.8588 -0.3623
vn -0.3942 0.9190 0.0000
vn 0.0000 0.9190 0.3942
vn 0.3623 0.8588 0.3623
vn -0.3623 0.8588 0.3623
vn 0.3126 0.6804 -0.6627
vn 0.0000 0.7089 -0.7053
vn -0.3126 0.6804 -0.6627
vn -0.5622 0.6065 -0.5622
vn -0.6627 0.6804 -0.3126
vn -0.7053 0.7089 0.0000
vn -0.6627 0.6804 0.3126
vn -0.5622 0.6065 0.5622
vn -0.3126 0.6804 0.6627
vn 0.0000 0.7089 0.7053
vn 0.3126 0.6804 0.6627
vn -0.8785 0.3421 -0.3334
vn -0.9410 0.3385 0.0000
vn -0.9281 0.3722 0.0000
vn -0.8666 0.3743 -0.3299
vn -0.8785 0.3421 0.3334
vn -0.8666 0.3743 0.3299
vn -0.8712 0.4910 0.0000
vn -0.8195 0.4799 -0.3131
vn -0.8195 0.4798 0.3131
vn -0.6632 0.3468 -0.6632
vn -0.6632 0.3468 0.6632
vn -0.6547 0.3776 0.6547
vn -0.6239 0.4705 0.6239
vn -0.6240 0.4705 -0.6239
vn -0.6547 0.3777 -0.6547
vn -0.3334 0.3421 0.8785
vn 0.0000 0.3385 0.9410
vn 0.0000 0.3722 0.9281
vn -0.3299 0.3743 0.8666
vn 0.3334 0.3421 0.8785
vn 0.3299 0.3743 0.8666
vn 0.0000 0.4910 0.8712
vn -0.3131 0.4799 0.8195
vn 0.3131 0.4798 0.8195
vn 0.3334 0.3421 -0.8785
vn 0.0000 0.3385 -0.9410
vn 0.0000 0.3722 -0.9281
vn 0.3299 0.3743 -0.8666
vn -0.3334 0.3421 -0.8785
vn -0.3299 0.3743 -0.8666
vn 0.0000 0.4910 -0.8712
vn 0.3131 0.4798 -0.8195
vn -0.3131 0.4798 -0.8195
usemtl None
s 1
f 325/1/1 326/2/2 329/3/3 328/4/4
f 326/2/2 327/5/5 330/6/6 329/3/3
f 328/4/4 329/3/3 332/7/7 331/8/8
f 329/3/3 330/6/6 333/9/9 332/7/7
f 1/10/10 52/11/11 325/1/1 51/12/12
f 52/11/11 53/13/13 326/2/2 325/1/1
f 53/13/13 54/14/14 327/5/5 326/2/2
f 54/14/14 2/15/15 55/16/16 327/5/5
f 327/5/5 55/16/16 56/17/17 330/6/6
f 330/6/6 56/17/17 57/18/18 333/9/9
f 333/9/9 57/18/18 4/19/19 58/20/20
f 332/7/7 333/9/9 58/20/20 59/21/21
f 331/8/8 332/7/7 59/21/21 60/22/22
f 49/23/23 331/8/8 60/22/22 3/24/24
f 50/25/25 328/4/4 331/8/8 49/23/23
f 51/12/12 325/1/1 328/4/4 50/25/25
f 334/26/26 335/27/27 338/28/28 337/29/29
f 335/27/27 336/30/30 339/31/31 338/28/28
f 337/29/29 338/28/28 341/32/32 340/33/33
f 338/28/28 339/31/31 342/34/34 341/32/32
f 3/24/24 60/22/22 334/26/26 63/35/35
f 60/22/22 59/21/21 335/27/27 334/26/26
f 59/21/21 58/20/20 336/30/30 335/27/27
f 58/20/20 4/19/19 64/36/36 336/30/30
f 336/30/30 64/36/36 65/37/37 339/31/31
f 339/31/31 65/37/37 66/38/38 342/34/34
f 342/34/34 66/38/38 8/39/39 67/40/40
f 341/32/32 342/34/34 67/40/40 68/41/41
f 340/33/33 341/32/32 68/41/41 69/42/42
f 61/43/43 340/33/33 69/42/42 7/44/44
f 62/45/45 337/29/29 340/33/33 61/43/43
f 63/35/35 334/26/26 337/29/29 62/45/45
f 343/46/46 344/47/47 347/48/48 346/49/49
f 344/47/47 345/50/50 348/51/51 347/48/48
f 346/49/49 347/48/48 350/52/52 349/53/53
f 347/48/48 348/51/51 351/54/54 350/52/52
f 7/44/44 69/42/42 343/46/46 72/55/55
f 69/42/42 68/41/41 344/47/47 343/46/46
f 68/41/41 67/40/40 345/50/50 344/47/47
f 67/40/40 8/39/39 73/56/56 345/50/50
f 345/50/50 73/56/56 74/57/57 348/51/51
f 348/51/51 74/57/57 75/58/58 351/54/54
f 351/54/54 75/58/58 6/59/59 76/60/60
f 350/52/52 351/54/54 76/60/60 77/61/61
f 349/53/53 350/52/52 77/61/61 78/62/62
f 70/63/63 349/53/53 78/62/62 5/64/64
f 71/65/65 346/49/49 349/53/53 70/63/63
f 72/55/55 343/46/46 346/49/49 71/65/65
f 352/66/66 353/67/67 356/68/68 355/69/69
f 353/67/67 354/70/70 357/71/71 356/68/68
f 355/69/69 356/68/68 359/72/72 358/73/73
f 356/68/68 357/71/71 360/74/74 359/72/72
f 5/64/64 78/62/62 352/66/66 81/75/75
f 78/62/62 77/61/61 353/67/67 352/66/66
f 77/61/61 76/60/60 354/70/70 353/67/67
f 76/60/60 6/59/59 82/76/76 354/70/70
f 354/70/70 82/76/76 83/77/77 357/71/71
f 357/71/71 83/77/77 84/78/78 360/74/74
f 360/74/74 84/78/78 2/79/15 54/80/14
f 359/72/72 360/74/74 54/80/14 53/81/13
f 358/73/73 359/72/72 53/81/13 52/82/11
f 79/83/79 358/73/73 52/82/11 1/84/10
f 80/85/80 355/69/69 358/73/73 79/83/79
f 81/75/75 352/66/66 355/69/69 80/85/80
f 361/86/81 362/87/82 365/88/83 364/89/84
f 362/87/82 363/90/85 366/91/86 365/88/83
f 364/89/84 365/88/83 368/92/87 367/93/88
f 365/88/83 366/91/86 369/94/89 368/92/87
f 3/95/24 63/96/35 361/86/81 49/97/23
f 63/96/35 62/98/45 362/87/82 361/86/81
f 62/98/45 61/99/43 363/90/85 362/87/82
f 61/99/43 7/44/44 72/55/55 363/90/85
f 363/90/85 72/55/55 71/65/65 366/91/86
f 366/91/86 71/65/65 70/63/63 369/94/89
f 369/94/89 70/63/63 5/64/64 81/100/75
f 368/92/87 369/94/89 81/100/75 80/101/80
f 367/93/88 368/92/87 80/101/80 79/102/79
f 51/103/12 367/93/88 79/102/79 1/104/10
f 50/105/25 364/89/84 367/93/88 51/103/12
f 49/97/23 361/86/81 364/89/84 50/105/25
f 370/106/90 371/107/91 374/108/92 373/109/93
f 371/107/91 372/110/94 375/111/95 374/108/92
f 373/109/93 374/108/92 377/112/96 376/113/97
f 374/108/92 375/111/95 378/114/98 377/112/96
f 8/39/39 66/38/38 370/106/90 102/115/99
f 66/38/38 65/37/37 371/107/91 370/106/90
f 65/37/37 64/36/36 372/110/94 371/107/91
f 64/36/36 4/19/19 97/116/100 372/110/94
f 372/110/94 97/116/100 98/117/101 375/111/95
f 375/111/95 98/117/101 99/118/102 378/114/98
f 378/114/98 99/118/102 10/119/103 88/120/104
f 377/112/96 378/114/98 88/120/104 89/121/105
f 376/113/97 377/112/96 89/121/105 90/122/106
f 100/123/107 376/113/97 90/122/106 11/124/108
f 101/125/109 373/109/93 376/113/97 100/123/107
f 102/115/99 370/106/90 373/109/93 101/125/109
f 379/126/110 380/127/111 383/128/112 382/129/113
f 380/127/111 381/130/114 384/131/115 383/128/112
f 382/129/113 383/128/112 386/132/116 385/133/117
f 383/128/112 384/131/115 387/134/118 386/132/116
f 12/135/119 93/136/120 379/126/110 126/137/121
f 93/136/120 92/138/122 380/127/111 379/126/110
f 92/138/122 91/139/123 381/130/114 380/127/111
f 91/139/123 11/124/108 121/140/124 381/130/114
f 381/130/114 121/140/124 122/141/125 384/131/115
f 384/131/115 122/141/125 123/142/126 387/134/118
f 387/134/118 123/142/126 15/143/127 115/144/128
f 386/132/116 387/134/118 115/144/128 116/145/129
f 385/133/117 386/132/116 116/145/129 117/146/130
f 124/147/131 385/133/117 117/146/130 16/148/132
f 125/149/133 382/129/113 385/133/117 124/147/131
f 126/137/121 379/126/110 382/129/113 125/149/133
f 388/150/134 389/151/135 392/152/136 391/153/137
f 389/151/135 390/154/138 393/155/139 392/152/136
f 391/153/137 392/152/136 395/156/140 394/157/141
f 392/152/136 393/155/139 396/158/142 395/156/140
f 6/59/59 75/58/58 388/150/134 105/159/143
f 75/58/58 74/57/57 389/151/135 388/150/134
f 74/57/57 73/56/56 390/154/138 389/151/135
f 73/56/56 8/39/39 102/115/99 390/154/138
f 390/154/138 102/115/99 101/125/109 393/155/139
f 393/155/139 101/125/109 100/123/107 396/158/142
f 396/158/142 100/123/107 11/124/108 91/139/123
f 395/156/140 396/158/142 91/139/123 92/138/122
f 394/157/141 395/156/140 92/138/122 93/136/120
f 103/160/144 394/157/141 93/136/120 12/135/119
f 104/161/145 391/153/137 394/157/141 103/160/144
f 105/159/143 388/150/134 391/153/137 104/161/145
f 397/162/146 398/163/147 401/164/148 400/165/149
f 398/163/147 399/166/150 402/167/151 401/164/148
f 400/165/149 401/164/148 404/168/152 403/169/153
f 401/164/148 402/167/151 405/170/154 404/168/152
f 4/19/19 57/18/18 397/162/146 97/116/100
f 57/18/18 56/17/17 398/163/147 397/162/146
f 56/17/17 55/16/16 399/166/150 398/163/147
f 55/16/16 2/15/15 106/171/155 399/166/150
f 399/166/150 106/171/155 107/172/156 402/167/151
f 402/167/151 107/172/156 108/173/157 405/170/154
f 405/170/154 108/173/157 9/174/158 85/175/159
f 404/168/152 405/170/154 85/175/159 86/176/160
f 403/169/153 404/168/152 86/176/160 87/177/161
f 99/118/102 403/169/153 87/177/161 10/119/103
f 98/117/101 400/165/149 403/169/153 99/118/102
f 97/116/100 397/162/146 400/165/149 98/117/101
f 406/178/162 407/179/163 410/180/164 409/181/165
f 407/179/163 408/182/166 411/183/167 410/180/164
f 409/181/165 410/180/164 413/184/168 412/185/169
f 410/180/164 411/183/167 414/186/170 413/184/168
f 2/79/15 84/78/78 406/178/162 106/187/155
f 84/78/78 83/77/77 407/179/163 406/178/162
f 83/77/77 82/76/76 408/182/166 407/179/163
f 82/76/76 6/59/59 105/159/143 408/182/166
f 408/182/166 105/159/143 104/161/145 411/183/167
f 411/183/167 104/161/145 103/160/144 414/186/170
f 414/186/170 103/160/144 12/135/119 94/188/171
f 413/184/168 414/186/170 94/188/171 95/189/172
f 412/185/169 413/184/168 95/189/172 96/190/173
f 108/191/157 412/185/169 96/190/173 9/192/158
f 107/193/156 409/181/165 412/185/169 108/191/157
f 106/187/155 406/178/162 409/181/165 107/193/156
f 415/194/174 416/195/175 419/196/176 418/197/177
f 416/195/175 417/198/178 420/199/179 419/196/176
f 418/197/177 419/196/176 422/200/180 421/201/181
f 419/196/176 420/199/179 423/202/182 422/200/180
f 13/203/183 120/204/184 415/194/174 150/205/185
f 120/204/184 119/206/186 416/195/175 415/194/174
f 119/206/186 118/207/187 417/198/178 416/195/175
f 118/207/187 16/148/132 145/208/188 417/198/178
f 417/198/178 145/208/188 146/209/189 420/199/179
f 420/199/179 146/209/189 147/210/190 423/202/182
f 423/202/182 147/210/190 20/211/191 142/212/192
f 422/200/180 423/202/182 142/212/192 143/213/193
f 421/201/181 422/200/180 143/213/193 144/214/194
f 148/215/195 421/201/181 144/214/194 17/216/196
f 149/217/197 418/197/177 421/201/181 148/215/195
f 150/205/185 415/194/174 418/197/177 149/217/197
f 424/218/198 425/219/199 428/220/200 427/221/201
f 425/219/199 426/222/202 429/223/203 428/220/200
f 427/221/201 428/220/200 431/224/204 430/225/205
f 428/220/200 429/223/203 432/226/206 431/224/204
f 10/119/103 87/177/161 424/218/198 132/227/207
f 87/177/161 86/176/160 425/219/199 424/218/198
f 86/176/160 85/175/159 426/222/202 425/219/199
f 85/175/159 9/174/158 127/228/208 426/222/202
f 426/222/202 127/228/208 128/229/209 429/223/203
f 429/223/203 128/229/209 129/230/210 432/226/206
f 432/226/206 129/230/210 13/231/183 109/232/211
f 431/224/204 432/226/206 109/232/211 110/233/212
f 430/225/205 431/224/204 110/233/212 111/234/213
f 130/235/214 430/225/205 111/234/213 14/236/215
f 131/237/216 427/221/201 430/225/205 130/235/214
f 132/227/207 424/218/198 427/221/201 131/237/216
f 433/238/217 434/239/218 437/240/219 436/241/220
f 434/239/218 435/242/221 438/243/222 437/240/219
f 436/241/220 437/240/219 440/244/223 439/245/224
f 437/240/219 438/243/222 441/246/225 440/244/223
f 9/192/158 96/190/173 433/238/217 127/247/208
f 96/190/173 95/189/172 434/239/218 433/238/217
f 95/189/172 94/188/171 435/242/221 434/239/218
f 94/188/171 12/135/119 126/137/121 435/242/221
f 435/242/221 126/137/121 125/149/133 438/243/222
f 438/243/222 125/149/133 124/147/131 441/246/225
f 441/246/225 124/147/131 16/148/132 118/207/187
f 440/244/223 441/246/225 118/207/187 119/206/186
f 439/245/224 440/244/223 119/206/186 120/204/184
f 129/248/210 439/245/224 120/204/184 13/203/183
f 128/249/209 436/241/220 439/245/224 129/248/210
f 127/247/208 433/238/217 436/241/220 128/249/209
f 442/250/226 443/251/227 446/252/228 445/253/229
f 443/251/227 444/254/230 447/255/231 446/252/228
f 445/253/229 446/252/228 449/256/232 448/257/233
f 446/252/228 447/255/231 450/258/234 449/256/232
f 11/124/108 90/122/106 442/250/226 121/140/124
f 90/122/106 89/121/105 443/251/227 442/250/226
f 89/121/105 88/120/104 444/254/230 443/251/227
f 88/120/104 10/119/103 132/227/207 444/254/230
f 444/254/230 132/227/207 131/237/216 447/255/231
f 447/255/231 131/237/216 130/235/214 450/258/234
f 450/258/234 130/235/214 14/236/215 112/259/235
f 449/256/232 450/258/234 112/259/235 113/260/236
f 448/257/233 449/256/232 113/260/236 114/261/237
f 123/142/126 448/257/233 114/261/237 15/143/127
f 122/141/125 445/253/229 448/257/233 123/142/126
f 121/140/124 442/250/226 445/253/229 122/141/125
f 451/262/238 452/263/239 455/264/240 454/265/241
f 452/263/239 453/266/242 456/267/243 455/264/240
f 454/265/241 455/264/240 458/268/244 457/269/245
f 455/264/240 456/267/243 459/270/246 458/268/244
f 17/216/196 144/214/194 451/262/238 174/271/247
f 144/214/194 143/213/193 452/263/239 451/262/238
f 143/213/193 142/212/192 453/266/242 452/263/239
f 142/212/192 20/211/191 169/272/248 453/266/242
f 453/266/242 169/272/248 170/273/249 456/267/243
f 456/267/243 170/273/249 171/274/250 459/270/246
f 459/270/246 171/274/250 24/275/251 166/276/252
f 458/268/244 459/270/246 166/276/252 167/277/253
f 457/269/245 458/268/244 167/277/253 168/278/254
f 172/279/255 457/269/245 168/278/254 21/280/256
f 173/281/257 454/265/241 457/269/245 172/279/255
f 174/271/247 451/262/238 454/265/241 173/281/257
f 460/282/258 461/283/259 464/284/260 463/285/261
f 461/283/259 462/286/262 465/287/263 464/284/260
f 463/285/261 464/284/260 467/288/264 466/289/265
f 464/284/260 465/287/263 468/290/266 467/288/264
f 15/143/127 114/261/237 460/282/258 156/291/267
f 114/261/237 113/260/236 461/283/259 460/282/258
f 113/260/236 112/259/235 462/286/262 461/283/259
f 112/259/235 14/236/215 151/292/268 462/286/262
f 462/286/262 151/292/268 152/293/269 465/287/263
f 465/287/263 152/293/269 153/294/270 468/290/266
f 468/290/266 153/294/270 18/295/271 136/296/272
f 467/288/264 468/290/266 136/296/272 137/297/273
f 466/289/265 467/288/264 137/297/273 138/298/274
f 154/299/275 466/289/265 138/298/274 19/300/276
f 155/301/277 463/285/261 466/289/265 154/299/275
f 156/291/267 460/282/258 463/285/261 155/301/277
f 469/302/278 470/303/279 473/304/280 472/305/281
f 470/303/279 471/306/282 474/307/283 473/304/280
f 472/305/281 473/304/280 476/308/284 475/309/285
f 473/304/280 474/307/283 477/310/286 476/308/284
f 16/148/132 117/146/130 469/302/278 145/208/188
f 117/146/130 116/145/129 470/303/279 469/302/278
f 116/145/129 115/144/128 471/306/282 470/303/279
f 115/144/128 15/143/127 156/291/267 471/306/282
f 471/306/282 156/291/267 155/301/277 474/307/283
f 474/307/283 155/301/277 154/299/275 477/310/286
f 477/310/286 154/299/275 19/300/276 139/311/287
f 476/308/284 477/310/286 139/311/287 140/312/288
f 475/309/285 476/308/284 140/312/288 141/313/289
f 147/210/190 475/309/285 141/313/289 20/211/191
f 146/209/189 472/305/281 475/309/285 147/210/190
f 145/208/188 469/302/278 472/305/281 146/209/189
f 478/314/290 479/315/291 482/316/292 481/317/293
f 479/315/291 480/318/294 483/319/295 482/316/292
f 481/317/293 482/316/292 485/320/296 484/321/297
f 482/316/292 483/319/295 486/322/298 485/320/296
f 14/236/215 111/234/213 478/314/290 151/292/268
f 111/234/213 110/233/212 479/315/291 478/314/290
f 110/233/212 109/232/211 480/318/294 479/315/291
f 109/232/211 13/231/183 150/323/185 480/318/294
f 480/318/294 150/323/185 149/324/197 483/319/295
f 483/319/295 149/324/197 148/325/195 486/322/298
f 486/322/298 148/325/195 17/326/196 133/327/299
f 485/320/296 486/322/298 133/327/299 134/328/300
f 484/321/297 485/320/296 134/328/300 135/329/301
f 153/294/270 484/321/297 135/329/301 18/295/271
f 152/293/269 481/317/293 484/321/297 153/294/270
f 151/292/268 478/314/290 481/317/293 152/293/269
f 487/330/302 488/331/303 491/332/304 490/333/305
f 488/331/303 489/334/306 492/335/307 491/332/304
f 490/333/305 491/332/304 494/336/308 493/337/309
f 491/332/304 492/335/307 495/338/310 494/336/308
f 24/275/251 165/339/311 487/330/302 198/340/312
f 165/339/311 164/341/313 488/331/303 487/330/302
f 164/341/313 163/342/314 489/334/306 488/331/303
f 163/342/314 23/343/315 193/344/316 489/334/306
f 489/334/306 193/344/316 194/345/317 492/335/307
f 492/335/307 194/345/317 195/346/318 495/338/310
f 495/338/310 195/346/318 27/347/319 187/348/320
f 494/336/308 495/338/310 187/348/320 188/349/321
f 493/337/309 494/336/308 188/349/321 189/350/322
f 196/351/323 493/337/309 189/350/322 28/352/324
f 197/353/325 490/333/305 493/337/309 196/351/323
f 198/340/312 487/330/302 490/333/305 197/353/325
f 496/354/326 497/355/327 500/356/328 499/357/329
f 497/355/327 498/358/330 501/359/331 500/356/328
f 499/357/329 500/356/328 503/360/332 502/361/333
f 500/356/328 501/359/331 504/362/334 503/360/332
f 19/300/276 138/298/274 496/354/326 180/363/335
f 138/298/274 137/297/273 497/355/327 496/354/326
f 137/297/273 136/296/272 498/358/330 497/355/327
f 136/296/272 18/295/271 175/364/336 498/358/330
f 498/358/330 175/364/336 176/365/337 501/359/331
f 501/359/331 176/365/337 177/366/338 504/362/334
f 504/362/334 177/366/338 22/367/339 160/368/340
f 503/360/332 504/362/334 160/368/340 161/369/341
f 502/361/333 503/360/332 161/369/341 162/370/342
f 178/371/343 502/361/333 162/370/342 23/343/315
f 179/372/344 499/357/329 502/361/333 178/371/343
f 180/363/335 496/354/326 499/357/329 179/372/344
f 505/373/345 506/374/346 509/375/347 508/376/348
f 506/374/346 507/377/349 510/378/350 509/375/347
f 508/376/348 509/375/347 512/379/351 511/380/352
f 509/375/347 510/378/350 513/381/353 512/379/351
f 20/211/191 141/313/289 505/373/345 169/272/248
f 141/313/289 140/312/288 506/374/346 505/373/345
f 140/312/288 139/311/287 507/377/349 506/374/346
f 139/311/287 19/300/276 180/363/335 507/377/349
f 507/377/349 180/363/335 179/372/344 510/378/350
f 510/378/350 179/372/344 178/371/343 513/381/353
f 513/381/353 178/371/343 23/343/315 163/342/314
f 512/379/351 513/381/353 163/342/314 164/341/313
f 511/380/352 512/379/351 164/341/313 165/339/311
f 171/274/250 511/380/352 165/339/311 24/275/251
f 170/273/249 508/376/348 511/380/352 171/274/250
f 169/272/248 505/373/345 508/376/348 170/273/249
f 514/382/354 515/383/355 518/384/356 517/385/357
f 515/383/355 516/386/358 519/387/359 518/384/356
f 517/385/357 518/384/356 521/388/360 520/389/361
f 518/384/356 519/387/359 522/390/362 521/388/360
f 18/295/271 135/329/301 514/382/354 175/364/336
f 135/329/301 134/328/300 515/383/355 514/382/354
f 134/328/300 133/327/299 516/386/358 515/383/355
f 133/327/299 17/326/196 174/391/247 516/386/358
f 516/386/358 174/391/247 173/392/257 519/387/359
f 519/387/359 173/392/257 172/393/255 522/390/362
f 522/390/362 172/393/255 21/394/256 157/395/363
f 521/388/360 522/390/362 157/395/363 158/396/364
f 520/389/361 521/388/360 158/396/364 159/397/365
f 177/366/338 520/389/361 159/397/365 22/367/339
f 176/365/337 517/385/357 520/389/361 177/366/338
f 175/364/336 514/382/354 517/385/357 176/365/337
f 523/398/366 524/399/367 527/400/368 526/401/369
f 524/399/367 525/402/370 528/403/371 527/400/368
f 526/401/369 527/400/368 530/404/372 529/405/373
f 527/400/368 528/403/371 531/406/374 530/404/372
f 25/407/375 192/408/376 523/398/366 222/409/377
f 192/408/376 191/410/378 524/399/367 523/398/366
f 191/410/378 190/411/379 525/402/370 524/399/367
f 190/411/379 28/352/324 217/412/380 525/402/370
f 525/402/370 217/412/380 218/413/381 528/403/371
f 528/403/371 218/413/381 219/414/382 531/406/374
f 531/406/374 219/414/382 32/415/383 214/416/384
f 530/404/372 531/406/374 214/416/384 215/417/385
f 529/405/373 530/404/372 215/417/385 216/418/386
f 220/419/387 529/405/373 216/418/386 29/420/388
f 221/421/389 526/401/369 529/405/373 220/419/387
f 222/409/377 523/398/366 526/401/369 221/421/389
f 532/422/390 533/423/391 536/424/392 535/425/393
f 533/423/391 534/426/394 537/427/395 536/424/392
f 535/425/393 536/424/392 539/428/396 538/429/397
f 536/424/392 537/427/395 540/430/398 539/428/396
f 22/367/339 159/397/365 532/422/390 204/431/399
f 159/397/365 158/396/364 533/423/391 532/422/390
f 158/396/364 157/395/363 534/426/394 533/423/391
f 157/395/363 21/394/256 199/432/400 534/426/394
f 534/426/394 199/432/400 200/433/401 537/427/395
f 537/427/395 200/433/401 201/434/402 540/430/398
f 540/430/398 201/434/402 25/435/375 181/436/403
f 539/428/396 540/430/398 181/436/403 182/437/404
f 538/429/397 539/428/396 182/437/404 183/438/405
f 202/439/406 538/429/397 183/438/405 26/440/407
f 203/441/408 535/425/393 538/429/397 202/439/406
f 204/431/399 532/422/390 535/425/393 203/441/408
f 541/442/409 542/443/410 545/444/411 544/445/412
f 542/443/410 543/446/413 546/447/414 545/444/411
f 544/445/412 545/444/411 548/448/415 547/449/416
f 545/444/411 546/447/414 549/450/417 548/448/415
f 21/280/256 168/278/254 541/442/409 199/451/400
f 168/278/254 167/277/253 542/443/410 541/442/409
f 167/277/253 166/276/252 543/446/413 542/443/410
f 166/276/252 24/275/251 198/340/312 543/446/413
f 543/446/413 198/340/312 197/353/325 546/447/414
f 546/447/414 197/353/325 196/351/323 549/450/417
f 549/450/417 196/351/323 28/352/324 190/411/379
f 548/448/415 549/450/417 190/411/379 191/410/378
f 547/449/416 548/448/415 191/410/378 192/408/376
f 201/452/402 547/449/416 192/408/376 25/407/375
f 200/453/401 544/445/412 547/449/416 201/452/402
f 199/451/400 541/442/409 544/445/412 200/453/401
f 550/454/418 551/455/419 554/456/420 553/457/421
f 551/455/419 552/458/422 555/459/423 554/456/420
f 553/457/421 554/456/420 557/460/424 556/461/425
f 554/456/420 555/459/423 558/462/426 557/460/424
f 23/343/315 162/370/342 550/454/418 193/344/316
f 162/370/342 161/369/341 551/455/419 550/454/418
f 161/369/341 160/368/340 552/458/422 551/455/419
f 160/368/340 22/367/339 204/431/399 552/458/422
f 552/458/422 204/431/399 203/441/408 555/459/423
f 555/459/423 203/441/408 202/439/406 558/462/426
f 558/462/426 202/439/406 26/440/407 184/463/427
f 557/460/424 558/462/426 184/463/427 185/464/428
f 556/461/425 557/460/424 185/464/428 186/465/429
f 195/346/318 556/461/425 186/465/429 27/347/319
f 194/345/317 553/457/421 556/461/425 195/346/318
f 193/344/316 550/454/418 553/457/421 194/345/317
f 559/466/430 560/467/431 563/468/432 562/469/433
f 560/467/431 561/470/434 564/471/435 563/468/432
f 562/469/433 563/468/432 566/472/436 565/473/437
f 563/468/432 564/471/435 567/474/438 566/472/436
f 32/415/383 213/475/439 559/466/430 246/476/440
f 213/475/439 212/477/441 560/467/431 559/466/430
f 212/477/441 211/478/442 561/470/434 560/467/431
f 211/478/442 31/479/443 241/480/444 561/470/434
f 561/470/434 241/480/444 242/481/445 564/471/435
f 564/471/435 242/481/445 243/482/446 567/474/438
f 567/474/438 243/482/446 35/483/447 235/484/448
f 566/472/436 567/474/438 235/484/448 236/485/449
f 565/473/437 566/472/436 236/485/449 237/486/450
f 244/487/451 565/473/437 237/486/450 36/488/452
f 245/489/453 562/469/433 565/473/437 244/487/451
f 246/476/440 559/466/430 562/469/433 245/489/453
f 568/490/454 569/491/455 572/492/456 571/493/457
f 569/491/455 570/494/458 573/495/459 572/492/456
f 571/493/457 572/492/456 575/496/460 574/497/461
f 572/492/456 573/495/459 576/498/462 575/496/460
f 27/347/319 186/465/429 568/490/454 228/499/463
f 186/465/429 185/464/428 569/491/455 568/490/454
f 185/464/428 184/463/427 570/494/458 569/491/455
f 184/463/427 26/440/407 223/500/464 570/494/458
f 570/494/458 223/500/464 224/501/465 573/495/459
f 573/495/459 224/501/465 225/502/466 576/498/462
f 576/498/462 225/502/466 30/503/467 208/504/468
f 575/496/460 576/498/462 208/504/468 209/505/469
f 574/497/461 575/496/460 209/505/469 210/506/470
f 226/507/471 574/497/461 210/506/470 31/479/443
f 227/508/472 571/493/457 574/497/461 226/507/471
f 228/499/463 568/490/454 571/493/457 227/508/472
f 577/509/473 578/510/474 581/511/475 580/512/476
f 578/510/474 579/513/477 582/514/478 581/511/475
f 580/512/476 581/511/475 584/515/479 583/516/480
f 581/511/475 582/514/478 585/517/481 584/515/479
f 28/352/324 189/350/322 577/509/473 217/412/380
f 189/350/322 188/349/321 578/510/474 577/509/473
f 188/349/321 187/348/320 579/513/477 578/510/474
f 187/348/320 27/347/319 228/499/463 579/513/477
f 579/513/477 228/499/463 227/508/472 582/514/478
f 582/514/478 227/508/472 226/507/471 585/517/481
f 585/517/481 226/507/471 31/479/443 211/478/442
f 584/515/479 585/517/481 211/478/442 212/477/441
f 583/516/480 584/515/479 212/477/441 213/475/439
f 219/414/382 583/516/480 213/475/439 32/415/383
f 218/413/381 580/512/476 583/516/480 219/414/382
f 217/412/380 577/509/473 580/512/476 218/413/381
f 586/518/482 587/519/483 590/520/484 589/521/485
f 587/519/483 588/522/486 591/523/487 590/520/484
f 589/521/485 590/520/484 593/524/488 592/525/489
f 590/520/484 591/523/487 594/526/490 593/524/488
f 26/440/407 183/438/405 586/518/482 223/500/464
f 183/438/405 182/437/404 587/519/483 586/518/482
f 182/437/404 181/436/403 588/522/486 587/519/483
f 181/436/403 25/435/375 222/527/377 588/522/486
f 588/522/486 222/527/377 221/528/389 591/523/487
f 591/523/487 221/528/389 220/529/387 594/526/490
f 594/526/490 220/529/387 29/530/388 205/531/491
f 593/524/488 594/526/490 205/531/491 206/532/492
f 592/525/489 593/524/488 206/532/492 207/533/493
f 225/502/466 592/525/489 207/533/493 30/503/467
f 224/501/465 589/521/485 592/525/489 225/502/466
f 223/500/464 586/518/482 589/521/485 224/501/465
f 595/534/494 596/535/495 599/536/496 598/537/497
f 596/535/495 597/538/498 600/539/499 599/536/496
f 598/537/497 599/536/496 602/540/500 601/541/501
f 599/536/496 600/539/499 603/542/502 602/540/500
f 34/543/503 231/544/504 595/534/494 270/545/505
f 231/544/504 230/546/506 596/535/495 595/534/494
f 230/546/506 229/547/507 597/538/498 596/535/495
f 229/547/507 33/548/508 265/549/509 597/538/498
f 597/538/498 265/549/509 266/550/510 600/539/499
f 600/539/499 266/550/510 267/551/511 603/542/502
f 603/542/502 267/551/511 37/552/512 253/553/513
f 602/540/500 603/542/502 253/553/513 254/554/514
f 601/541/501 602/540/500 254/554/514 255/555/515
f 268/556/516 601/541/501 255/555/515 38/557/517
f 269/558/518 598/537/497 601/541/501 268/556/516
f 270/545/505 595/534/494 598/537/497 269/558/518
f 604/559/519 605/560/520 608/561/521 607/562/522
f 605/560/520 606/563/523 609/564/524 608/561/521
f 607/562/522 608/561/521 611/565/525 610/566/526
f 608/561/521 609/564/524 612/567/527 611/565/525
f 30/503/467 207/533/493 604/559/519 252/568/528
f 207/533/493 206/532/492 605/560/520 604/559/519
f 206/532/492 205/531/491 606/563/523 605/560/520
f 205/531/491 29/530/388 247/569/529 606/563/523
f 606/563/523 247/569/529 248/570/530 609/564/524
f 609/564/524 248/570/530 249/571/531 612/567/527
f 612/567/527 249/571/531 33/548/508 229/547/507
f 611/565/525 612/567/527 229/547/507 230/546/506
f 610/566/526 611/565/525 230/546/506 231/544/504
f 250/572/532 610/566/526 231/544/504 34/543/503
f 251/573/533 607/562/522 610/566/526 250/572/532
f 252/568/528 604/559/519 607/562/522 251/573/533
f 613/574/534 614/575/535 617/576/536 616/577/537
f 614/575/535 615/578/538 618/579/539 617/576/536
f 616/577/537 617/576/536 620/580/540 619/581/541
f 617/576/536 618/579/539 621/582/542 620/580/540
f 29/420/388 216/418/386 613/574/534 247/583/529
f 216/418/386 215/417/385 614/575/535 613/574/534
f 215/417/385 214/416/384 615/578/538 614/575/535
f 214/416/384 32/415/383 246/476/440 615/578/538
f 615/578/538 246/476/440 245/489/453 618/579/539
f 618/579/539 245/489/453 244/487/451 621/582/542
f 621/582/542 244/487/451 36/488/452 238/584/543
f 620/580/540 621/582/542 238/584/543 239/585/544
f 619/581/541 620/580/540 239/585/544 240/586/545
f 249/587/531 619/581/541 240/586/545 33/588/508
f 248/589/530 616/577/537 619/581/541 249/587/531
f 247/583/529 613/574/534 616/577/537 248/589/530
f 622/590/546 623/591/547 626/592/548 625/593/549
f 623/591/547 624/594/550 627/595/551 626/592/548
f 625/593/549 626/592/548 629/596/552 628/597/553
f 626/592/548 627/595/551 630/598/554 629/596/552
f 31/479/443 210/506/470 622/590/546 241/480/444
f 210/506/470 209/505/469 623/591/547 622/590/546
f 209/505/469 208/504/468 624/594/550 623/591/547
f 208/504/468 30/503/467 252/568/528 624/594/550
f 624/594/550 252/568/528 251/573/533 627/595/551
f 627/595/551 251/573/533 250/572/532 630/598/554
f 630/598/554 250/572/532 34/543/503 232/599/555
f 629/596/552 630/598/554 232/599/555 233/600/556
f 628/597/553 629/596/552 233/600/556 234/601/557
f 243/482/446 628/597/553 234/601/557 35/483/447
f 242/481/445 625/593/549 628/597/553 243/482/446
f 241/480/444 622/590/546 625/593/549 242/481/445
f 631/602/558 632/603/559 635/604/560 634/605/561
f 632/603/559 633/606/562 636/607/563 635/604/560
f 634/605/561 635/604/560 638/608/564 637/609/565
f 635/604/560 636/607/563 639/610/566 638/608/564
f 37/611/512 264/612/567 631/602/558 294/613/568
f 264/612/567 263/614/569 632/603/559 631/602/558
f 263/614/569 262/615/570 633/606/562 632/603/559
f 262/615/570 40/616/571 289/617/572 633/606/562
f 633/606/562 289/617/572 290/618/573 636/607/563
f 636/607/563 290/618/573 291/619/574 639/610/566
f 639/610/566 291/619/574 44/620/575 286/621/576
f 638/608/564 639/610/566 286/621/576 287/622/577
f 637/609/565 638/608/564 287/622/577 288/623/578
f 292/624/579 637/609/565 288/623/578 41/625/580
f 293/626/581 634/605/561 637/609/565 292/624/579
f 294/613/568 631/602/558 634/605/561 293/626/581
f 640/627/582 641/628/583 644/629/584 643/630/585
f 641/628/583 642/631/586 645/632/587 644/629/584
f 643/630/585 644/629/584 647/633/588 646/634/589
f 644/629/584 645/632/587 648/635/590 647/633/588
f 33/588/508 240/586/545 640/627/582 265/636/509
f 240/586/545 239/585/544 641/628/583 640/627/582
f 239/585/544 238/584/543 642/631/586 641/628/583
f 238/584/543 36/488/452 271/637/591 642/631/586
f 642/631/586 271/637/591 272/638/592 645/632/587
f 645/632/587 272/638/592 273/639/593 648/635/590
f 648/635/590 273/639/593 40/616/571 262/615/570
f 647/633/588 648/635/590 262/615/570 263/614/569
f 646/634/589 647/633/588 263/614/569 264/612/567
f 267/640/511 646/634/589 264/612/567 37/611/512
f 266/641/510 643/630/585 646/634/589 267/640/511
f 265/636/509 640/627/582 643/630/585 266/641/510
f 649/642/594 650/643/595 653/644/596 652/645/597
f 650/643/595 651/646/598 654/647/599 653/644/596
f 652/645/597 653/644/596 656/648/600 655/649/601
f 653/644/596 654/647/599 657/650/602 656/648/600
f 35/483/447 234/601/557 649/642/594 276/651/603
f 234/601/557 233/600/556 650/643/595 649/642/594
f 233/600/556 232/599/555 651/646/598 650/643/595
f 232/599/555 34/543/503 270/545/505 651/646/598
f 651/646/598 270/545/505 269/558/518 654/647/599
f 654/647/599 269/558/518 268/556/516 657/650/602
f 657/650/602 268/556/516 38/557/517 256/652/604
f 656/648/600 657/650/602 256/652/604 257/653/605
f 655/649/601 656/648/600 257/653/605 258/654/606
f 274/655/607 655/649/601 258/654/606 39/656/608
f 275/657/609 652/645/597 655/649/601 274/655/607
f 276/651/603 649/642/594 652/645/597 275/657/609
f 658/658/610 659/659/611 662/660/612 661/661/613
f 659/659/611 660/662/614 663/663/615 662/660/612
f 661/661/613 662/660/612 665/664/616 664/665/617
f 662/660/612 663/663/615 666/666/618 665/664/616
f 36/488/452 237/486/450 658/658/610 271/637/591
f 237/486/450 236/485/449 659/659/611 658/658/610
f 236/485/449 235/484/448 660/662/614 659/659/611
f 235/484/448 35/483/447 276/651/603 660/662/614
f 660/662/614 276/651/603 275/657/609 663/663/615
f 663/663/615 275/657/609 274/655/607 666/666/618
f 666/666/618 274/655/607 39/656/608 259/667/619
f 665/664/616 666/666/618 259/667/619 260/668/620
f 664/665/617 665/664/616 260/668/620 261/669/621
f 273/639/593 664/665/617 261/669/621 40/616/571
f 272/638/592 661/661/613 664/665/617 273/639/593
f 271/637/591 658/658/610 661/661/613 272/638/592
f 667/670/622 668/671/623 671/672/624 670/673/625
f 668/671/623 669/674/626 672/675/627 671/672/624
f 670/673/625 671/672/624 674/676/628 673/677/629
f 671/672/624 672/675/627 675/678/630 674/676/628
f 44/620/575 285/679/631 667/670/622 318/680/632
f 285/679/631 284/681/633 668/671/623 667/670/622
f 284/681/633 283/682/634 669/674/626 668/671/623
f 283/682/634 43/683/635 313/684/636 669/674/626
f 669/674/626 313/684/636 314/685/637 672/675/627
f 672/675/627 314/685/637 315/686/638 675/678/630
f 675/678/630 315/686/638 47/687/639 307/688/640
f 674/676/628 675/678/630 307/688/640 308/689/641
f 673/677/629 674/676/628 308/689/641 309/690/642
f 316/691/643 673/677/629 309/690/642 48/692/644
f 317/693/645 670/673/625 673/677/629 316/691/643
f 318/680/632 667/670/622 670/673/625 317/693/645
f 676/694/646 677/695/647 680/696/648 679/697/649
f 677/695/647 678/698/650 681/699/651 680/696/648
f 679/697/649 680/696/648 683/700/652 682/701/653
f 680/696/648 681/699/651 684/702/654 683/700/652
f 39/656/608 258/654/606 676/694/646 300/703/655
f 258/654/606 257/653/605 677/695/647 676/694/646
f 257/653/605 256/652/604 678/698/650 677/695/647
f 256/652/604 38/557/517 295/704/656 678/698/650
f 678/698/650 295/704/656 296/705/657 681/699/651
f 681/699/651 296/705/657 297/706/658 684/702/654
f 684/702/654 297/706/658 42/707/659 280/708/660
f 683/700/652 684/702/654 280/708/660 281/709/661
f 682/701/653 683/700/652 281/709/661 282/710/662
f 298/711/663 682/701/653 282/710/662 43/683/635
f 299/712/664 679/697/649 682/701/653 298/711/663
f 300/703/655 676/694/646 679/697/649 299/712/664
f 685/713/665 686/714/666 689/715/667 688/716/668
f 686/714/666 687/717/669 690/718/670 689/715/667
f 688/716/668 689/715/667 692/719/671 691/720/672
f 689/715/667 690/718/670 693/721/673 692/719/671
f 40/616/571 261/669/621 685/713/665 289/617/572
f 261/669/621 260/668/620 686/714/666 685/713/665
f 260/668/620 259/667/619 687/717/669 686/714/666
f 259/667/619 39/656/608 300/703/655 687/717/669
f 687/717/669 300/703/655 299/712/664 690/718/670
f 690/718/670 299/712/664 298/711/663 693/721/673
f 693/721/673 298/711/663 43/683/635 283/682/634
f 692/719/671 693/721/673 283/682/634 284/681/633
f 691/720/672 692/719/671 284/681/633 285/679/631
f 291/619/574 691/720/672 285/679/631 44/620/575
f 290/618/573 688/716/668 691/720/672 291/619/574
f 289/617/572 685/713/665 688/716/668 290/618/573
f 694/722/674 695/723/675 698/724/676 697/725/677
f 695/723/675 696/726/678 699/727/679 698/724/676
f 697/725/677 698/724/676 701/728/680 700/729/681
f 698/724/676 699/727/679 702/730/682 701/728/680
f 38/557/517 255/555/515 694/722/674 295/704/656
f 255/555/515 254/554/514 695/723/675 694/722/674
f 254/554/514 253/553/513 696/726/678 695/723/675
f 253/553/513 37/552/512 294/731/568 696/726/678
f 696/726/678 294/731/568 293/732/581 699/727/679
f 699/727/679 293/732/581 292/733/579 702/730/682
f 702/730/682 292/733/579 41/734/580 277/735/683
f 701/728/680 702/730/682 277/735/683 278/736/684
f 700/729/681 701/728/680 278/736/684 279/737/685
f 297/706/658 700/729/681 279/737/685 42/707/659
f 296/705/657 697/725/677 700/729/681 297/706/658
f 295/704/656 694/722/674 697/725/677 296/705/657
f 703/738/686 704/739/687 707/740/688 706/741/689
f 704/739/687 705/742/690 708/743/691 707/740/688
f 706/741/689 707/740/688 710/744/692 709/745/693
f 707/740/688 708/743/691 711/746/694 710/744/692
f 47/687/639 306/747/695 703/738/686 307/688/640
f 306/747/695 305/748/696 704/739/687 703/738/686
f 305/748/696 304/749/697 705/742/690 704/739/687
f 304/749/697 46/750/698 303/751/699 705/742/690
f 705/742/690 303/751/699 302/752/700 708/743/691
f 708/743/691 302/752/700 301/753/701 711/746/694
f 711/746/694 301/753/701 45/754/702 312/755/703
f 710/744/692 711/746/694 312/755/703 311/756/704
f 709/745/693 710/744/692 311/756/704 310/757/705
f 309/690/642 709/745/693 310/757/705 48/692/644
f 308/689/641 706/741/689 709/745/693 309/690/642
f 307/688/640 703/738/686 706/741/689 308/689/641
f 712/758/706 713/759/707 716/760/708 715/761/709
f 713/759/707 714/762/710 717/763/711 716/760/708
f 715/761/709 716/760/708 719/764/712 718/765/713
f 716/760/708 717/763/711 720/766/714 719/764/712
f 42/707/659 279/737/685 712/758/706 324/767/715
f 279/737/685 278/736/684 713/759/707 712/758/706
f 278/736/684 277/735/683 714/762/710 713/759/707
f 277/735/683 41/734/580 319/768/716 714/762/710
f 714/762/710 319/768/716 320/769/717 717/763/711
f 717/763/711 320/769/717 321/770/718 720/766/714
f 720/766/714 321/770/718 45/771/702 301/772/701
f 719/764/712 720/766/714 301/772/701 302/773/700
f 718/765/713 719/764/712 302/773/700 303/774/699
f 322/775/719 718/765/713 303/774/699 46/776/698
f 323/777/720 715/761/709 718/765/713 322/775/719
f 324/767/715 712/758/706 715/761/709 323/777/720
f 721/778/721 722/779/722 725/780/723 724/781/724
f 722/779/722 723/782/725 726/783/726 725/780/723
f 724/781/724 725/780/723 728/784/727 727/785/728
f 725/780/723 726/783/726 729/786/729 728/784/727
f 41/625/580 288/623/578 721/778/721 319/787/716
f 288/623/578 287/622/577 722/779/722 721/778/721
f 287/622/577 286/621/576 723/782/725 722/779/722
f 286/621/576 44/620/575 318/680/632 723/782/725
f 723/782/725 318/680/632 317/693/645 726/783/726
f 726/783/726 317/693/645 316/691/643 729/786/729
f 729/786/729 316/691/643 48/692/644 310/788/705
f 728/784/727 729/786/729 310/788/705 311/789/704
f 727/785/728 728/784/727 311/789/704 312/790/703
f 321/791/718 727/785/728 312/790/703 45/792/702
f 320/793/717 724/781/724 727/785/728 321/791/718
f 319/787/716 721/778/721 724/781/724 320/793/717
f 730/794/730 731/795/731 734/796/732 733/797/733
f 731/795/731 732/798/734 735/799/735 734/796/732
f 733/797/733 734/796/732 737/800/736 736/801/737
f 734/796/732 735/799/735 738/802/738 737/800/736
f 43/683/635 282/710/662 730/794/730 313/684/636
f 282/710/662 281/709/661 731/795/731 730/794/730
f 281/709/661 280/708/660 732/798/734 731/795/731
f 280/708/660 42/707/659 324/767/715 732/798/734
f 732/798/734 324/767/715 323/777/720 735/799/735
f 735/799/735 323/777/720 322/775/719 738/802/738
f 738/802/738 322/775/719 46/776/698 304/803/697
f 737/800/736 738/802/738 304/803/697 305/804/696
f 736/801/737 737/800/736 305/804/696 306/805/695
f 315/686/638 736/801/737 306/805/695 47/687/639
f 314/685/637 733/797/733 736/801/737 315/686/638
f 313/684/636 730/794/730 733/797/733 314/685/637
